100
255 191 141 50 128 13 46 4 49 79 2 11 1 45 1 3 2 47 71 8 1 1 10 1 0 0 24 21 0 0 2 1 1 1 23 24 53 18 4 4 0 0 0 0 8 2 0 0 0 0 0 0 15 9 6 15 0 0 0 0 1 1 0 0 0 0 0 0 20 3 20 4 47 6 9 9 3 1 2 2 0 0 0 0 0 0 0 0 2 6 1 1 0 0 0 0 0 0 0 0 0 0 0 0 2 13 2 7 1 5 7 8 0 0 0 0 0 0 0 0 0 0 0 0 0 0 0 0 0 0 0 0 0 0 0 0 6 14 1 2 12 8 2 2 17 30 4 2 8 1 5 4 2 1 0 0 1 1 1 1 0 0 0 0 0 0 0 0 0 0 0 0 0 0 0 0 1 1 5 1 0 0 0 0 0 0 0 0 0 0 0 0 0 0 0 0 0 0 0 0 0 0 0 0 0 0 0 0 1 1 5 8 1 1 6 1 0 0 2 3 1 6 4 4 0 0 0 0 0 0 0 0 0 0 0 0 0 0 0 0 0 0 0 0 0 0 0 0 0 0 0 0 0 0 0 0 
255 191 7 184 3 4 166 18 2 1 3 1 135 31 10 8 1 1 0 0 1 2 0 0 94 41 16 15 7 3 6 2 0 0 0 0 0 0 0 0 0 0 1 1 0 0 0 0 91 3 11 30 9 7 9 6 2 5 1 2 3 3 1 1 0 0 0 0 0 0 0 0 0 0 0 0 0 0 0 0 0 0 0 0 0 0 0 0 0 0 0 0 0 0 0 0 47 44 1 2 2 9 16 14 2 7 5 2 4 5 3 3 1 1 1 4 0 0 1 1 2 1 1 2 0 0 0 0 0 0 0 0 0 0 0 0 0 0 0 0 0 0 0 0 0 0 0 0 0 0 0 0 0 0 0 0 0 0 0 0 0 0 0 0 0 0 0 0 0 0 0 0 0 0 0 0 0 0 0 0 0 0 0 0 0 0 0 0 0 0 0 0 16 31 36 8 0 0 1 1 1 1 3 6 12 4 9 5 1 1 2 5 2 3 1 1 3 1 1 4 1 2 1 2 0 0 0 0 0 0 1 3 0 0 0 0 0 0 0 0 1 1 0 0 0 0 1 1 0 0 0 0 0 0 0 0 
255 191 32 159 16 16 125 34 14 2 10 6 11 114 4 30 6 8 1 1 2 8 5 1 3 8 96 18 3 1 4 26 4 2 5 3 0 0 0 0 1 1 7 1 3 2 0 0 1 2 3 5 70 26 17 1 2 1 0 0 2 2 21 5 1 3 1 1 2 3 2 1 0 0 0 0 0 0 0 0 0 0 0 0 2 5 0 0 1 2 1 1 0 0 0 0 0 0 1 1 1 2 4 1 61 9 24 2 5 12 0 0 1 2 0 0 0 0 0 0 1 1 1 1 17 4 3 2 0 0 2 1 0 0 0 0 1 1 2 1 1 1 0 0 0 0 0 0 0 0 0 0 0 0 0 0 0 0 0 0 0 0 0 0 0 0 0 0 1 1 4 1 0 0 0 0 0 0 1 1 0 0 0 0 0 0 0 0 0 0 0 0 0 0 0 0 0 0 0 0 0 0 1 2 3 1 0 0 8 53 1 8 15 9 1 1 3 2 3 9 0 0 0 0 0 0 1 2 0 0 0 0 0 0 0 0 0 0 0 0 0 0 0 0 0 0 0 0 2 15 1 3 2 1 1 1 
255 191 134 57 43 91 27 30 24 19 70 21 5 22 15 15 14 10 1 18 64 6 14 7 1 4 10 12 10 5 7 8 1 13 9 1 0 0 15 3 47 17 3 3 6 8 6 1 0 0 2 2 1 9 8 4 6 4 3 2 1 6 6 2 0 0 9 4 1 8 0 0 0 0 0 0 8 7 1 2 27 20 1 16 2 1 2 1 3 3 7 1 2 4 0 0 0 0 0 0 1 1 1 1 0 0 4 5 7 1 1 3 4 2 3 1 1 2 1 1 0 0 1 5 1 5 1 1 0 0 0 0 5 4 1 3 0 0 2 6 0 0 0 0 0 0 0 0 0 0 0 0 5 3 3 4 0 0 1 1 2 25 5 15 0 0 13 3 1 1 0 0 1 1 0 0 1 2 2 1 6 1 0 0 1 1 3 1 0 0 0 0 0 0 0 0 0 0 0 0 0 0 0 0 0 0 0 0 0 0 0 0 3 1 4 1 5 2 0 0 0 0 2 1 2 2 1 1 2 1 0 0 0 0 1 1 0 0 0 0 0 0 0 0 0 0 1 4 0 0 1 4 0 0 0 0 
255 191 126 65 60 66 33 32 11 49 62 4 6 27 18 14 9 2 37 12 14 48 3 1 3 3 18 9 13 5 7 7 8 1 1 1 8 29 9 3 13 1 38 10 2 1 0 0 2 1 1 2 3 15 4 5 10 3 1 4 4 3 2 5 4 4 0 0 0 0 0 0 1 7 23 6 6 3 1 2 3 10 0 0 37 1 9 1 1 1 0 0 0 0 0 0 1 1 0 0 0 0 1 1 1 2 10 5 2 2 4 1 1 9 1 2 0 0 3 1 3 1 1 2 1 1 2 3 3 1 3 1 0 0 0 0 0 0 0 0 0 0 0 0 0 0 4 3 17 6 5 1 3 3 2 1 0 0 1 1 1 2 1 9 0 0 0 0 9 28 0 0 1 8 0 0 0 0 0 0 0 0 0 0 0 0 0 0 0 0 0 0 0 0 0 0 0 0 0 0 0 0 0 0 0 0 0 0 0 0 1 1 7 3 2 3 1 1 1 1 2 2 0 0 0 0 8 1 0 0 1 1 0 0 0 0 1 2 0 0 2 1 0 0 0 0 1 1 0 0 0 0 1 1 2 1 
255 191 118 73 89 29 43 30 42 47 13 16 17 26 11 19 29 13 1 46 8 5 15 1 2 15 18 8 8 3 18 1 6 23 2 11 0 0 19 27 2 6 2 3 13 2 0 0 1 1 6 9 10 8 6 2 5 3 2 1 9 9 0 0 1 5 13 10 1 1 6 5 0 0 0 0 11 8 14 13 1 1 4 2 1 1 1 2 9 4 1 1 0 0 0 0 0 0 0 0 5 1 7 2 2 8 5 3 2 4 1 1 4 1 1 2 1 1 0 0 3 6 7 2 0 0 0 0 0 0 1 4 9 4 6 4 0 0 0 0 5 1 4 1 0 0 0 0 0 0 0 0 4 7 6 2 2 12 11 2 0 0 0 0 2 2 1 1 0 0 0 0 0 0 1 1 4 5 3 1 0 0 0 0 0 0 0 0 0 0 0 0 0 0 0 0 0 0 0 0 2 3 0 0 6 1 1 1 1 1 1 7 1 4 1 2 1 1 1 3 0 0 0 0 3 1 0 0 0 0 1 1 0 0 0 0 0 0 0 0 2 1 2 4 6 1 1 1 0 0 0 0 0 0 0 0 
255 191 121 70 97 24 16 54 66 31 13 11 4 12 27 27 42 24 2 29 2 11 3 8 3 1 5 7 25 2 6 21 14 28 2 22 1 1 20 9 1 1 10 1 1 2 2 6 2 1 0 0 1 4 5 2 21 4 1 1 5 1 19 2 12 2 27 1 1 1 7 15 0 0 0 0 16 4 7 2 0 0 0 0 5 5 0 0 0 0 1 1 1 1 1 5 1 1 0 0 0 0 0 0 0 0 1 3 3 2 1 2 2 19 1 3 0 0 0 0 2 3 0 0 16 3 1 1 7 5 1 1 24 3 0 0 0 0 0 0 6 1 14 1 0 0 0 0 0 0 0 0 1 15 1 3 1 6 1 1 0 0 0 0 0 0 0 0 2 3 2 3 0 0 0 0 0 0 0 0 0 0 0 0 0 0 0 0 0 0 4 1 0 0 0 0 0 0 0 0 0 0 0 0 0 0 0 0 0 0 0 0 0 0 1 2 2 1 1 1 0 0 1 2 1 1 12 7 0 0 1 2 0 0 0 0 0 0 0 0 1 1 1 2 0 0 0 0 5 11 1 2 0 0 0 0 
255 191 141 50 137 4 3 47 136 1 2 2 2 1 13 34 114 22 0 0 1 1 1 1 1 1 0 0 11 2 21 13 93 21 2 20 0 0 0 0 0 0 0 0 0 0 0 0 0 0 0 0 0 0 0 0 2 9 1 1 17 4 3 10 11 82 9 12 1 2 18 2 0 0 0 0 0 0 0 0 0 0 0 0 0 0 0 0 0 0 0 0 0 0 0 0 0 0 0 0 0 0 0 0 0 0 0 0 0 0 0 0 1 1 4 5 0 0 0 0 3 14 2 2 1 2 3 7 9 2 30 52 6 3 3 9 0 0 1 1 16 2 1 1 0 0 0 0 0 0 0 0 0 0 0 0 0 0 0 0 0 0 0 0 0 0 0 0 0 0 0 0 0 0 0 0 0 0 0 0 0 0 0 0 0 0 0 0 0 0 0 0 0 0 0 0 0 0 0 0 0 0 0 0 0 0 0 0 0 0 0 0 0 0 0 0 0 0 0 0 0 0 0 0 0 0 0 0 1 3 4 1 0 0 0 0 0 0 0 0 1 2 5 9 1 2 1 1 0 0 1 1 2 1 4 3 
255 191 96 95 25 71 65 30 19 6 38 33 32 33 11 19 2 17 5 1 19 19 4 29 21 11 15 18 8 3 15 4 1 1 14 3 2 3 0 0 4 15 8 11 2 2 15 14 18 3 6 5 7 8 12 6 2 6 1 2 5 10 3 1 0 0 0 0 6 8 1 2 1 1 1 2 0 0 0 0 2 2 13 2 4 4 1 10 1 2 1 1 4 11 4 10 6 12 2 1 5 1 4 1 6 1 7 1 6 6 1 5 1 1 3 3 0 0 1 1 4 1 6 4 1 2 0 0 0 0 0 0 0 0 0 0 5 1 7 1 0 0 1 1 0 0 0 0 0 0 1 1 0 0 0 0 0 0 0 0 1 1 1 1 1 12 1 1 2 2 1 3 0 0 8 2 0 0 1 1 0 0 0 0 1 3 4 7 2 2 4 6 5 1 7 5 1 1 0 0 4 1 0 0 1 3 0 0 3 3 0 0 2 5 0 0 5 1 5 1 0 0 3 2 0 0 0 0 1 2 1 2 0 0 0 0 0 0 0 0 3 1 0 0 3 3 3 1 0 0 1 1 0 0 0 0 
255 191 142 49 21 121 22 27 10 11 12 109 11 11 20 7 9 1 7 4 7 5 69 40 9 2 1 10 10 10 4 3 1 8 0 0 3 4 1 3 4 3 4 1 66 3 27 13 1 8 1 1 0 0 1 9 5 5 4 6 2 2 2 1 0 0 6 2 0 0 0 0 2 1 2 2 0 0 2 1 3 1 1 2 2 2 0 0 32 34 2 1 18 9 4 9 0 0 2 6 0 0 0 0 0 0 0 0 0 0 2 7 1 4 1 4 1 3 3 3 1 1 1 1 1 2 0 0 0 0 0 0 2 4 1 1 0 0 0 0 0 0 0 0 1 1 0 0 1 2 1 1 0 0 0 0 1 1 0 0 1 3 0 0 0 0 1 1 1 1 1 2 0 0 0 0 3 29 27 7 1 1 0 0 7 11 5 4 2 2 2 7 0 0 0 0 1 1 5 1 0 0 0 0 0 0 0 0 0 0 0 0 0 0 0 0 0 0 0 0 1 1 6 1 0 0 3 1 0 0 1 3 0 0 1 2 2 1 1 2 0 0 0 0 0 0 0 0 0 0 1 2 0 0 0 0 
255 191 8 183 3 5 15 168 1 2 3 2 14 1 110 58 0 0 1 1 2 1 1 1 3 11 0 0 96 14 24 34 0 0 0 0 0 0 0 0 1 1 0 0 0 0 0 0 1 2 4 7 0 0 0 0 60 36 3 11 20 4 20 14 0 0 0 0 0 0 0 0 0 0 0 0 0 0 0 0 0 0 0 0 0 0 0 0 0 0 0 0 0 0 0 0 0 0 1 1 2 2 2 5 0 0 0 0 0 0 0 0 54 6 26 10 1 2 4 7 8 12 1 3 5 15 3 11 0 0 0 0 0 0 0 0 0 0 0 0 0 0 0 0 0 0 0 0 0 0 0 0 0 0 0 0 0 0 0 0 0 0 0 0 0 0 0 0 0 0 0 0 0 0 0 0 0 0 0 0 0 0 0 0 0 0 0 0 0 0 0 0 0 0 0 0 0 0 0 0 1 1 1 1 1 1 1 4 0 0 0 0 0 0 0 0 0 0 0 0 0 0 0 0 9 45 3 3 20 6 9 1 0 0 1 2 3 1 5 2 2 6 6 6 0 0 1 2 3 2 11 4 1 2 9 2 
255 191 136 55 84 52 29 26 7 77 36 16 1 28 23 3 2 5 1 76 3 33 14 2 0 0 6 22 17 6 2 1 1 1 3 2 0 0 75 1 1 2 8 25 13 1 1 1 0 0 0 0 1 5 12 10 2 15 2 4 1 1 0 0 0 0 0 0 1 2 1 1 0 0 0 0 74 1 0 0 0 0 1 1 1 7 5 20 3 10 0 0 0 0 0 0 0 0 0 0 0 0 0 0 0 0 1 4 11 1 6 4 1 1 2 13 1 1 1 3 0 0 0 0 0 0 0 0 0 0 0 0 0 0 0 0 0 0 1 1 0 0 0 0 0 0 0 0 0 0 0 0 73 1 0 0 0 0 0 0 0 0 0 0 0 0 0 0 0 0 1 6 3 2 17 3 2 1 5 5 0 0 0 0 0 0 0 0 0 0 0 0 0 0 0 0 0 0 0 0 0 0 0 0 0 0 0 0 0 0 0 0 0 0 3 1 7 4 0 0 4 2 2 2 0 0 0 0 1 1 12 1 0 0 0 0 0 0 2 1 0 0 0 0 0 0 0 0 0 0 0 0 0 0 0 0 
255 191 26 165 24 2 112 53 5 19 1 2 111 1 22 31 1 4 12 7 0 0 1 2 102 9 0 0 9 13 27 4 0 0 2 2 6 6 5 2 0 0 0 0 0 0 1 1 28 74 5 4 0 0 0 0 6 3 5 8 7 20 2 2 0 0 0 0 1 1 1 1 4 2 3 3 3 2 1 1 0 0 0 0 0 0 0 0 0 0 0 0 0 0 0 0 25 3 46 28 2 3 2 2 0 0 0 0 0 0 0 0 2 4 1 2 4 1 3 5 2 5 11 9 1 1 1 1 0 0 0 0 0 0 0 0 0 0 0 0 0 0 0 0 1 3 1 1 1 2 2 1 2 1 1 2 0 0 0 0 0 0 0 0 0 0 0 0 0 0 0 0 0 0 0 0 0 0 0 0 0 0 0 0 0 0 0 0 0 0 0 0 15 10 1 2 30 16 7 21 1 1 1 2 1 1 1 1 0 0 0 0 0 0 0 0 0 0 0 0 0 0 0 0 1 1 2 2 0 0 1 1 1 3 0 0 2 1 3 2 1 1 1 4 7 4 5 4 0 0 0 0 0 0 0 0 
255 191 52 139 34 18 37 102 3 31 6 12 32 5 40 62 2 1 8 23 2 4 5 7 17 15 2 3 28 12 7 55 1 1 0 0 6 2 4 19 1 1 1 3 3 2 1 6 7 10 14 1 1 2 2 1 10 18 6 6 6 1 2 53 0 0 0 0 0 0 0 0 2 4 1 1 1 3 16 3 0 0 0 0 0 0 1 2 2 1 1 1 0 0 3 3 2 5 9 1 11 3 0 0 0 0 1 2 1 1 0 0 9 1 17 1 1 5 5 1 3 3 0 0 1 1 8 45 0 0 0 0 0 0 0 0 0 0 0 0 0 0 0 0 1 1 2 2 0 0 0 0 0 0 2 1 2 14 1 2 0 0 0 0 0 0 0 0 0 0 0 0 0 0 1 1 1 1 0 0 0 0 0 0 0 0 0 0 2 1 1 2 1 1 2 3 8 1 0 0 8 3 1 2 0 0 0 0 0 0 0 0 0 0 1 1 0 0 0 0 0 0 0 0 4 5 0 0 3 14 0 0 0 0 1 4 3 2 0 0 2 1 2 1 0 0 0 0 0 0 0 0 4 4 3 42 
255 191 51 140 41 10 99 41 12 29 2 8 86 13 16 25 1 11 1 28 1 1 5 3 58 28 8 5 3 13 16 9 0 0 2 9 0 0 12 16 0 0 0 0 2 3 2 1 12 46 8 20 5 3 3 2 2 1 11 2 7 9 8 1 0 0 0 0 1 1 8 1 0 0 0 0 2 10 1 15 0 0 0 0 0 0 0 0 1 1 1 2 1 1 0 0 10 2 3 43 5 3 15 5 3 2 2 1 1 2 1 1 1 1 0 0 2 9 1 1 3 4 6 3 1 7 0 0 0 0 0 0 0 0 0 0 0 0 0 0 3 5 0 0 0 0 0 0 0 0 0 0 1 1 8 2 0 0 7 8 0 0 0 0 0 0 0 0 0 0 0 0 0 0 0 0 0 0 0 0 0 0 1 1 0 0 0 0 0 0 0 0 8 2 1 1 1 2 19 24 3 2 1 2 5 10 1 4 2 1 1 1 1 1 0 0 0 0 1 1 0 0 0 0 0 0 0 0 0 0 0 0 1 1 5 4 0 0 0 0 1 2 1 3 4 2 1 2 0 0 2 5 0 0 0 0 
255 191 143 48 137 6 3 45 136 1 3 3 1 2 19 26 125 11 0 0 2 1 1 2 0 0 1 1 7 12 18 8 106 19 3 8 0 0 0 0 1 1 0 0 0 0 1 1 0 0 0 0 0 0 0 0 6 1 8 4 2 16 7 1 77 29 9 10 1 2 6 2 0 0 0 0 0 0 0 0 0 0 0 0 0 0 0 0 0 0 0 0 0 0 0 0 0 0 0 0 0 0 0 0 0 0 0 0 0 0 0 0 4 2 0 0 4 4 2 2 1 1 2 14 1 6 0 0 28 49 3 26 8 1 1 9 0 0 1 1 4 2 1 1 0 0 0 0 0 0 0 0 0 0 0 0 0 0 0 0 0 0 0 0 0 0 0 0 0 0 0 0 0 0 0 0 0 0 0 0 0 0 0 0 0 0 0 0 0 0 0 0 0 0 0 0 0 0 0 0 0 0 0 0 0 0 0 0 0 0 0 0 0 0 0 0 0 0 0 0 0 0 0 0 2 2 1 1 0 0 0 0 3 1 1 3 1 1 1 1 0 0 0 0 1 1 9 5 0 0 3 3 0 0 0 0 
255 191 169 22 125 44 2 20 85 40 27 17 1 1 3 17 16 69 8 32 13 14 6 11 0 0 0 0 1 2 7 10 5 11 24 45 2 6 17 15 7 6 5 9 5 1 9 2 0 0 0 0 0 0 0 0 0 0 1 1 4 3 4 6 1 4 4 7 18 6 4 41 1 1 4 2 4 13 13 2 2 5 5 1 1 4 8 1 4 1 0 0 8 1 1 1 0 0 0 0 0 0 0 0 0 0 0 0 0 0 0 0 0 0 0 0 0 0 0 0 3 1 1 2 3 1 1 5 0 0 2 2 2 2 2 5 7 11 3 3 2 2 37 4 0 0 0 0 3 1 1 1 3 1 11 2 10 3 1 1 1 1 2 3 1 4 0 0 0 0 2 2 4 4 0 0 1 3 0 0 0 0 0 0 3 5 0 0 0 0 0 0 0 0 0 0 0 0 0 0 0 0 0 0 0 0 0 0 0 0 0 0 0 0 0 0 0 0 0 0 0 0 0 0 0 0 0 0 0 0 0 0 0 0 0 0 0 0 0 0 1 2 0 0 0 0 1 1 1 2 0 0 0 0 3 2 
255 191 137 54 28 109 42 12 16 12 92 17 19 23 10 2 9 7 4 8 88 4 10 7 12 7 14 9 9 1 1 1 3 6 5 2 1 3 2 6 83 5 2 2 3 7 2 5 6 6 1 6 7 7 2 7 6 3 0 0 0 0 0 0 1 2 2 4 1 4 1 1 0 0 2 1 1 1 4 2 3 80 2 3 1 1 1 1 2 1 5 2 1 1 2 3 2 4 1 5 0 0 1 5 2 5 2 5 1 1 5 2 1 5 1 2 0 0 0 0 0 0 0 0 0 0 0 0 0 0 1 1 1 1 3 1 0 0 3 1 0 0 0 0 0 0 0 0 1 1 0 0 0 0 0 0 3 1 1 1 2 1 61 19 1 1 1 2 0 0 0 0 0 0 0 0 1 1 0 0 4 1 1 1 0 0 0 0 1 1 1 2 1 1 2 2 0 0 1 4 0 0 0 0 0 0 3 2 1 1 1 4 1 1 2 3 0 0 0 0 4 1 1 1 0 0 4 1 0 0 1 1 0 0 0 0 0 0 0 0 0 0 0 0 0 0 0 0 0 0 0 0 0 0 0 0 
255 191 155 36 108 47 28 8 9 99 31 16 14 14 7 1 2 7 63 36 3 28 1 15 4 10 1 13 2 5 0 0 1 1 4 3 28 35 33 3 2 1 7 21 0 0 7 8 1 3 8 2 0 0 11 2 1 1 4 1 0 0 0 0 0 0 0 0 3 1 2 1 8 20 31 4 10 23 1 2 1 1 0 0 6 1 1 20 0 0 0 0 1 6 7 1 0 0 2 1 7 1 1 1 0 0 0 0 10 1 1 1 0 0 0 0 1 3 0 0 0 0 0 0 0 0 0 0 0 0 0 0 0 0 0 0 2 1 0 0 1 1 0 0 5 3 8 12 12 19 3 1 5 5 8 15 0 0 1 1 0 0 0 0 0 0 0 0 1 5 0 0 0 0 3 17 0 0 0 0 0 0 0 0 0 0 2 4 4 3 0 0 0 0 0 0 1 1 0 0 2 5 0 0 0 0 0 0 0 0 0 0 0 0 0 0 8 2 0 0 0 0 0 0 0 0 0 0 0 0 0 0 0 0 2 1 0 0 0 0 0 0 0 0 0 0 0 0 0 0 0 0 0 0 0 0 
255 191 110 81 105 5 39 42 44 61 3 2 33 6 15 27 39 5 8 53 1 2 1 1 26 7 1 5 8 7 8 19 31 8 4 1 3 5 32 21 0 0 1 1 0 0 0 0 22 4 1 6 0 0 4 1 6 2 2 5 2 6 17 2 12 19 5 3 3 1 0 0 1 2 2 3 4 28 6 15 0 0 0 0 0 0 0 0 0 0 0 0 0 0 0 0 1 21 1 3 0 0 1 5 0 0 0 0 3 1 0 0 2 4 1 1 1 1 2 3 1 1 4 2 15 2 1 1 1 11 16 3 1 4 2 1 1 2 0 0 0 0 0 0 0 0 1 1 1 1 2 1 2 2 20 8 3 3 14 1 0 0 0 0 0 0 0 0 0 0 0 0 0 0 0 0 0 0 0 0 0 0 0 0 0 0 0 0 0 0 0 0 0 0 18 3 0 0 2 1 0 0 0 0 0 0 3 2 0 0 0 0 0 0 0 0 1 2 0 0 0 0 0 0 1 1 1 3 0 0 0 0 0 0 0 0 1 1 2 1 0 0 0 0 1 3 1 1 11 4 1 1 0 0 0 0 
255 191 185 6 15 170 4 2 8 7 64 106 2 2 1 1 4 4 5 2 61 3 69 37 1 1 1 1 0 0 0 0 2 2 3 1 1 4 1 1 26 35 2 1 1 68 19 18 0 0 0 0 0 0 0 0 0 0 0 0 0 0 0 0 1 1 1 1 1 3 0 0 0 0 2 2 0 0 0 0 12 14 30 5 1 1 0 0 0 0 48 20 9 10 7 11 0 0 0 0 0 0 0 0 0 0 0 0 0 0 0 0 0 0 0 0 0 0 0 0 0 0 0 0 0 0 0 0 0 0 0 0 0 0 0 0 0 0 2 1 0 0 0 0 0 0 0 0 1 1 1 1 0 0 0 0 0 0 0 0 7 5 6 8 21 9 4 1 0 0 0 0 0 0 0 0 0 0 0 0 30 18 6 14 2 7 7 3 4 3 10 1 0 0 0 0 0 0 0 0 0 0 0 0 0 0 0 0 0 0 0 0 0 0 0 0 0 0 0 0 0 0 0 0 0 0 0 0 0 0 0 0 0 0 0 0 0 0 0 0 0 0 0 0 0 0 0 0 0 0 0 0 0 0 0 0 
255 191 110 81 67 43 79 2 55 12 15 28 47 32 1 1 50 5 5 7 8 7 15 13 28 19 14 18 0 0 0 0 4 46 2 3 1 4 5 2 7 1 4 3 12 3 6 7 1 27 1 18 1 13 6 12 0 0 0 0 0 0 0 0 3 1 7 39 1 1 2 1 0 0 1 3 4 1 1 1 1 6 0 0 1 3 2 1 10 2 1 2 3 3 6 1 0 0 22 5 0 0 5 13 0 0 2 11 2 4 3 9 0 0 0 0 0 0 0 0 0 0 0 0 0 0 0 0 1 2 0 0 4 3 20 19 0 0 0 0 1 1 0 0 0 0 0 0 0 0 2 1 3 1 0 0 0 0 0 0 0 0 5 1 0 0 0 0 0 0 2 1 1 1 0 0 6 4 1 1 0 0 1 1 2 1 2 1 5 1 0 0 0 0 0 0 20 2 3 2 0 0 0 0 1 4 9 4 0 0 0 0 1 1 1 10 1 1 2 2 1 2 1 8 0 0 0 0 0 0 0 0 0 0 0 0 0 0 0 0 0 0 0 0 0 0 0 0 0 0 0 0 0 0 0 0 
255 191 167 24 35 132 13 11 13 22 24 108 11 2 2 9 2 11 14 8 9 15 66 42 3 8 1 1 1 1 7 2 1 1 2 9 6 8 2 6 1 8 6 9 65 1 4 38 2 1 6 2 0 0 0 0 0 0 0 0 2 5 1 1 0 0 0 0 1 1 6 3 1 5 2 6 1 1 2 4 0 0 2 6 4 2 3 6 43 22 0 0 1 3 16 22 1 1 0 0 1 5 1 1 0 0 0 0 0 0 0 0 0 0 0 0 0 0 0 0 1 1 1 4 0 0 0 0 0 0 0 0 0 0 0 0 0 0 0 0 4 2 2 1 0 0 1 4 1 2 4 2 0 0 0 0 1 1 2 2 0 0 0 0 1 1 1 5 3 1 1 1 2 1 2 4 41 2 20 2 0 0 0 0 0 0 2 1 3 13 5 17 0 0 0 0 0 0 0 0 0 0 1 4 0 0 0 0 0 0 0 0 0 0 0 0 0 0 0 0 0 0 0 0 0 0 0 0 0 0 0 0 0 0 0 0 0 0 0 0 0 0 0 0 0 0 2 2 0 0 0 0 0 0 0 0 
255 191 142 49 43 99 18 31 19 24 65 34 16 2 12 19 10 9 19 5 27 38 1 33 3 13 1 1 9 3 18 1 5 5 8 1 7 12 3 2 26 1 34 4 0 0 30 3 2 1 3 10 0 0 0 0 5 4 2 1 12 6 0 0 3 2 2 3 6 2 0 0 3 4 2 10 2 1 1 1 21 5 0 0 13 21 3 1 0 0 0 0 26 4 1 2 1 1 0 0 1 2 5 5 0 0 0 0 0 0 0 0 1 4 3 1 1 1 0 0 6 6 3 3 0 0 0 0 1 2 1 1 1 1 1 2 5 1 1 1 0 0 0 0 1 2 3 1 1 1 6 4 1 1 0 0 0 0 0 0 19 2 4 1 0 0 0 0 8 5 3 18 2 1 0 0 0 0 0 0 0 0 0 0 21 5 2 2 0 0 1 1 0 0 0 0 0 0 0 0 0 0 1 1 2 3 1 4 0 0 0 0 0 0 0 0 0 0 0 0 0 0 0 0 0 0 1 3 2 1 0 0 0 0 0 0 0 0 0 0 5 1 5 1 2 1 1 2 0 0 0 0 0 0 0 0 
255 191 24 167 4 20 60 107 3 1 5 15 37 23 73 34 2 1 0 0 2 3 9 6 16 21 10 13 40 33 7 27 1 1 0 0 0 0 0 0 1 1 1 2 1 8 3 3 9 7 19 2 1 9 9 4 12 28 10 23 1 6 24 3 0 0 0 0 0 0 0 0 0 0 0 0 0 0 0 0 0 0 0 0 0 0 1 1 0 0 4 4 1 2 2 1 3 6 4 3 5 14 1 2 0 0 8 1 8 1 1 3 8 4 25 3 7 3 13 10 0 0 4 2 19 5 2 1 0 0 0 0 0 0 0 0 0 0 0 0 0 0 0 0 0 0 0 0 0 0 0 0 0 0 0 0 0 0 0 0 0 0 0 0 0 0 0 0 0 0 0 0 0 0 0 0 0 0 0 0 2 2 3 1 0 0 1 2 1 1 0 0 2 1 1 5 2 2 1 2 4 1 11 3 0 0 1 1 0 0 0 0 5 3 0 0 7 1 0 0 0 0 1 2 6 2 3 1 11 14 1 2 2 5 2 1 1 12 5 5 0 0 0 0 2 2 1 1 15 4 1 4 1 1 0 0 
255 191 96 95 73 23 38 57 67 6 21 2 30 8 11 46 34 33 5 1 12 9 1 1 20 10 2 6 10 1 1 45 23 11 16 17 1 4 0 0 3 9 8 1 0 0 0 0 8 12 5 5 1 1 2 4 6 4 0 0 0 0 5 40 16 7 4 7 4 12 15 2 0 0 3 1 0 0 0 0 2 1 2 7 2 6 0 0 0 0 0 0 0 0 0 0 7 1 8 4 4 1 3 2 0 0 0 0 1 1 1 3 3 3 2 2 0 0 0 0 0 0 0 0 4 1 39 1 8 8 6 1 3 1 4 3 2 2 8 4 10 5 1 1 0 0 0 0 1 2 0 0 0 0 0 0 0 0 0 0 1 1 0 0 1 1 1 6 1 1 2 4 0 0 0 0 0 0 0 0 0 0 0 0 0 0 0 0 0 0 0 0 4 3 0 0 3 5 2 2 2 2 0 0 1 2 1 1 0 0 0 0 0 0 0 0 0 0 0 0 0 0 1 2 1 2 1 2 1 1 1 1 0 0 0 0 0 0 0 0 0 0 0 0 0 0 0 0 3 1 0 0 22 17 0 0 
255 191 135 56 104 31 42 14 93 11 25 6 20 22 7 7 32 61 6 5 3 22 3 3 4 16 10 12 4 3 1 6 30 2 25 36 5 1 4 1 2 1 20 2 1 2 1 2 1 3 13 3 4 6 5 7 2 2 1 2 0 0 2 4 11 19 1 1 22 3 35 1 4 1 0 0 2 2 0 0 1 1 0 0 16 4 1 1 0 0 1 1 0 0 1 1 0 0 1 2 5 8 2 1 1 3 2 4 3 2 4 3 1 1 1 1 0 0 1 1 0 0 0 0 1 1 1 3 5 6 15 4 0 0 0 0 8 14 2 1 34 1 0 0 1 3 0 0 0 0 0 0 1 1 1 1 0 0 0 0 0 0 0 0 0 0 0 0 14 2 1 3 0 0 0 0 0 0 0 0 0 0 0 0 0 0 0 0 0 0 0 0 0 0 0 0 0 0 1 1 4 1 1 7 1 1 0 0 0 0 2 1 1 1 3 1 2 1 1 1 2 2 2 1 0 0 0 0 0 0 0 0 0 0 0 0 0 0 0 0 0 0 0 0 0 0 0 0 0 0 0 0 0 0 1 2 
255 191 92 99 63 29 21 78 48 15 21 8 13 8 41 37 42 6 2 13 5 16 6 2 11 2 2 6 17 24 36 1 25 17 3 3 1 1 6 7 2 3 1 15 5 1 1 1 10 1 1 1 1 1 3 3 9 8 8 16 8 28 0 0 4 21 7 10 1 2 2 1 0 0 0 0 1 5 3 4 1 2 1 2 0 0 14 1 2 3 0 0 0 0 0 0 5 5 0 0 0 0 0 0 0 0 0 0 1 2 2 1 5 4 2 6 5 3 10 6 1 7 12 16 0 0 0 0 2 2 3 18 1 6 6 4 0 0 1 1 1 1 0 0 0 0 0 0 0 0 0 0 0 0 4 1 2 1 3 1 0 0 1 1 0 0 1 1 0 0 0 0 9 5 0 0 1 1 1 2 0 0 0 0 0 0 0 0 0 0 0 0 3 2 3 2 0 0 0 0 0 0 0 0 0 0 0 0 0 0 0 0 0 0 0 0 0 0 1 1 1 1 0 0 2 3 1 3 1 1 3 3 4 1 1 2 7 3 3 3 0 0 3 4 4 8 3 13 0 0 0 0 0 0 0 0 
255 191 40 151 29 11 63 88 26 3 10 1 10 53 66 22 10 16 1 2 7 3 0 0 6 4 1 52 15 51 17 5 3 7 14 2 0 0 1 1 3 4 1 2 0 0 0 0 1 5 3 1 0 0 42 10 4 11 31 20 8 9 1 4 2 1 3 4 4 10 1 1 0 0 0 0 0 0 0 0 1 2 1 3 0 0 1 1 0 0 0 0 0 0 0 0 0 0 4 1 1 2 0 0 0 0 0 0 28 14 5 5 1 3 6 5 28 3 15 5 7 1 1 8 0 0 3 1 1 2 0 0 1 2 1 3 1 3 5 5 0 0 0 0 0 0 0 0 0 0 0 0 0 0 0 0 0 0 0 0 0 0 1 1 0 0 1 3 0 0 0 0 0 0 0 0 0 0 0 0 0 0 0 0 0 0 0 0 0 0 0 0 0 0 0 0 2 2 0 0 0 0 1 1 0 0 0 0 0 0 0 0 0 0 0 0 26 2 13 1 2 3 1 4 0 0 1 2 4 2 2 3 11 17 2 1 10 5 1 4 2 5 0 0 0 0 5 3 0 0 0 0 1 2 0 0 
255 191 128 63 72 56 43 20 31 41 55 1 17 26 15 5 24 7 3 38 45 10 0 0 12 5 3 23 9 6 3 2 14 10 2 5 1 2 35 3 10 35 8 2 0 0 0 0 5 7 2 3 1 2 5 18 1 8 1 5 2 1 1 1 12 2 9 1 1 1 2 3 0 0 1 1 34 1 2 1 9 1 31 4 6 2 1 1 0 0 0 0 0 0 0 0 1 4 3 4 1 1 1 2 0 0 1 1 4 1 7 11 0 0 7 1 0 0 2 3 1 1 0 0 0 0 0 0 7 5 1 1 4 5 0 0 0 0 0 0 1 1 2 1 0 0 0 0 0 0 0 0 26 8 0 0 1 1 0 0 5 4 0 0 23 8 2 2 2 4 1 1 0 0 0 0 0 0 0 0 0 0 0 0 0 0 0 0 0 0 0 0 0 0 3 1 2 1 2 2 0 0 0 0 0 0 1 1 0 0 0 0 0 0 0 0 2 2 0 0 2 5 6 5 0 0 0 0 2 5 0 0 0 0 0 0 1 1 1 2 0 0 0 0 0 0 0 0 0 0 0 0 0 0 0 0 
255 191 104 87 67 37 49 38 1 66 32 5 44 5 17 21 0 0 5 61 9 23 3 2 34 10 3 2 6 11 17 4 0 0 0 0 4 1 48 13 6 3 20 3 1 2 1 1 4 30 1 9 2 1 1 1 3 3 3 8 15 2 2 2 0 0 0 0 0 0 0 0 2 2 0 0 17 31 5 8 1 5 2 1 3 17 2 1 0 0 1 1 0 0 0 0 1 3 22 8 0 0 2 7 1 1 0 0 0 0 0 0 1 2 2 1 1 2 6 2 5 10 1 1 1 1 1 1 0 0 0 0 0 0 0 0 0 0 0 0 0 0 0 0 1 1 1 1 0 0 0 0 3 14 13 18 4 1 1 7 0 0 1 4 1 1 0 0 2 1 6 11 1 1 0 0 0 0 0 0 0 0 0 0 0 0 0 0 0 0 0 0 0 0 1 2 17 5 3 5 0 0 0 0 1 1 2 5 0 0 0 0 0 0 0 0 0 0 0 0 0 0 0 0 0 0 1 1 1 1 0 0 0 0 1 1 5 1 1 1 3 2 3 7 0 0 0 0 0 0 0 0 0 0 0 0 
255 191 145 46 82 63 36 10 72 10 10 53 7 29 3 7 38 34 3 7 8 2 49 4 3 4 12 17 2 1 6 1 1 37 5 29 1 2 4 3 5 3 1 1 48 1 2 2 2 1 3 1 11 1 2 15 1 1 0 0 3 3 0 0 0 0 18 19 2 3 10 19 0 0 1 1 3 1 2 1 3 2 2 1 0 0 0 0 33 15 0 0 1 1 1 1 1 1 0 0 1 2 0 0 2 9 0 0 1 1 5 10 0 0 0 0 0 0 0 0 1 2 2 1 0 0 0 0 0 0 0 0 1 17 16 3 1 1 2 1 5 5 13 6 0 0 0 0 0 0 0 0 1 2 0 0 1 1 0 0 1 2 1 1 1 1 0 0 0 0 0 0 0 0 0 0 31 2 3 12 0 0 0 0 0 0 0 0 0 0 0 0 0 0 0 0 0 0 0 0 0 0 1 1 0 0 0 0 1 1 1 8 0 0 0 0 0 0 0 0 3 2 3 7 0 0 0 0 0 0 0 0 0 0 0 0 0 0 0 0 0 0 1 2 1 1 0 0 0 0 0 0 0 0 0 0 
255 191 120 71 5 115 60 11 3 2 104 11 29 31 10 1 1 2 1 1 11 93 8 3 17 12 2 29 5 5 0 0 0 0 1 1 0 0 0 0 3 8 54 39 1 7 1 2 5 12 6 6 1 1 9 20 1 4 4 1 0 0 0 0 0 0 0 0 0 0 0 0 0 0 0 0 0 0 0 0 2 1 5 3 4 50 21 18 0 0 3 4 0 0 1 1 1 4 10 2 4 2 3 3 0 0 0 0 7 2 16 4 0 0 1 3 2 2 0 0 0 0 0 0 0 0 0 0 0 0 0 0 0 0 0 0 0 0 0 0 0 0 0 0 0 0 0 0 0 0 0 0 0 0 0 0 0 0 0 0 1 2 0 0 3 2 2 1 2 2 45 5 1 20 8 10 0 0 0 0 2 1 2 2 0 0 0 0 0 0 0 0 0 0 2 2 7 3 1 1 1 3 1 1 1 2 1 2 0 0 0 0 0 0 0 0 2 5 1 1 5 11 2 2 0 0 0 0 0 0 1 2 1 1 1 1 0 0 0 0 0 0 0 0 0 0 0 0 0 0 0 0 0 0 0 0 
255 191 115 76 91 24 44 32 84 7 21 3 33 11 28 4 18 66 1 6 18 3 1 2 30 3 6 5 2 26 2 2 1 17 3 63 0 0 4 2 6 12 1 2 0 0 1 1 26 4 1 2 4 2 4 1 1 1 22 4 1 1 1 1 0 0 9 8 1 2 51 12 0 0 0 0 1 3 1 1 4 2 11 1 0 0 1 1 0 0 0 0 0 0 0 0 13 13 1 3 0 0 1 1 2 2 1 1 2 2 0 0 0 0 0 0 19 3 3 1 0 0 0 0 0 0 0 0 0 0 0 0 5 4 4 4 0 0 1 1 50 1 3 9 0 0 0 0 0 0 0 0 0 0 1 2 0 0 0 0 2 2 1 1 4 7 0 0 0 0 0 0 0 0 0 0 0 0 0 0 0 0 0 0 0 0 0 0 0 0 0 0 6 7 4 9 0 0 1 2 0 0 0 0 0 0 0 0 1 1 1 1 0 0 0 0 1 1 1 1 0 0 0 0 0 0 0 0 0 0 0 0 12 7 2 1 1 2 0 0 0 0 0 0 0 0 0 0 0 0 0 0 0 0 0 0 
255 191 1 190 0 0 130 60 0 0 0 0 80 50 10 50 0 0 0 0 0 0 0 0 47 33 44 6 4 6 21 29 0 0 0 0 0 0 0 0 0 0 0 0 0 0 0 0 31 16 9 24 28 16 2 4 3 1 5 1 8 13 1 28 0 0 0 0 0 0 0 0 0 0 0 0 0 0 0 0 0 0 0 0 0 0 0 0 0 0 0 0 0 0 0 0 13 18 4 12 6 3 3 21 11 17 4 12 1 1 3 1 1 2 0 0 3 2 0 0 3 5 12 1 0 0 19 9 0 0 0 0 0 0 0 0 0 0 0 0 0 0 0 0 0 0 0 0 0 0 0 0 0 0 0 0 0 0 0 0 0 0 0 0 0 0 0 0 0 0 0 0 0 0 0 0 0 0 0 0 0 0 0 0 0 0 0 0 0 0 0 0 7 6 1 17 3 1 2 10 5 1 1 3 2 1 20 1 10 1 6 11 2 2 11 1 0 0 0 0 1 2 0 0 0 0 1 1 0 0 0 0 2 1 1 1 0 0 0 0 1 2 4 1 10 2 0 0 0 0 0 0 16 3 4 5 
255 191 89 102 57 32 45 57 3 54 17 15 34 11 18 39 1 2 32 22 15 2 6 9 12 22 4 7 10 8 14 25 0 0 1 1 12 20 6 16 2 13 1 1 5 1 5 4 6 6 15 7 3 1 2 5 1 9 4 4 9 5 4 21 0 0 0 0 0 0 0 0 5 7 2 18 5 1 12 4 1 1 2 11 0 0 0 0 1 4 0 0 1 4 1 3 5 1 3 3 11 4 4 3 2 1 0 0 1 1 4 1 0 0 3 6 1 3 2 2 8 1 2 3 1 3 16 5 0 0 0 0 0 0 0 0 0 0 0 0 0 0 0 0 2 3 3 4 1 1 12 6 3 2 0 0 3 9 1 3 0 0 0 0 1 1 1 10 0 0 0 0 0 0 0 0 0 0 1 3 0 0 0 0 0 0 2 2 0 0 2 1 3 2 0 0 1 2 2 1 8 3 2 2 2 2 2 1 1 2 0 0 0 0 0 0 0 0 0 0 1 3 0 0 0 0 0 0 2 1 3 3 0 0 1 2 1 1 1 1 4 4 0 0 1 1 1 2 0 0 1 2 1 15 3 2 
255 191 101 90 93 8 25 65 73 20 3 5 19 6 2 63 21 52 1 19 1 2 3 2 4 15 5 1 1 1 49 14 3 18 3 49 0 0 16 3 0 0 1 1 2 1 1 1 1 3 7 8 2 3 0 0 0 0 0 0 12 37 6 8 1 2 1 17 1 2 41 8 0 0 0 0 7 9 1 2 0 0 0 0 0 0 0 0 1 1 0 0 0 0 0 0 0 0 2 1 1 6 4 4 1 1 2 1 0 0 0 0 0 0 0 0 0 0 0 0 3 9 18 19 5 1 6 2 0 0 1 1 0 0 5 12 0 0 1 2 35 6 2 6 0 0 0 0 0 0 0 0 5 2 2 7 0 0 1 1 0 0 0 0 0 0 0 0 0 0 0 0 0 0 0 0 0 0 0 0 0 0 0 0 0 0 0 0 0 0 0 0 0 0 0 0 1 1 0 0 0 0 2 4 3 1 2 2 0 0 0 0 1 1 0 0 0 0 0 0 0 0 0 0 0 0 0 0 0 0 0 0 0 0 0 0 0 0 0 0 2 1 1 8 7 11 17 2 4 1 0 0 3 3 1 1 
255 191 137 54 69 68 30 24 14 55 32 36 5 25 5 19 4 10 29 26 24 8 22 14 1 4 10 15 1 4 11 8 2 2 5 5 10 19 23 3 6 18 5 3 11 11 4 10 0 0 1 3 6 4 9 6 0 0 2 2 1 10 7 1 1 1 1 2 1 4 2 3 1 9 12 7 12 11 1 2 1 5 17 1 2 3 1 2 10 1 7 4 2 2 6 4 0 0 0 0 0 0 2 1 5 1 1 3 3 6 1 5 0 0 0 0 1 1 1 1 0 0 5 5 5 2 0 0 0 0 0 0 0 0 1 2 0 0 3 1 1 1 2 1 0 0 7 2 11 1 4 3 5 7 2 9 0 0 1 1 0 0 4 1 5 12 0 0 1 1 1 2 0 0 1 1 6 4 0 0 2 5 2 2 1 1 1 1 1 5 2 2 0 0 0 0 0 0 0 0 0 0 0 0 1 1 0 0 4 1 0 0 0 0 2 1 2 1 5 1 0 0 1 4 0 0 0 0 0 0 0 0 0 0 0 0 0 0 0 0 0 0 0 0 3 2 2 3 3 2 1 1 0 0 0 0 
255 191 187 4 5 182 2 2 3 2 172 10 1 1 1 1 1 2 1 1 9 163 6 4 0 0 0 0 0 0 0 0 0 0 1 1 0 0 0 0 8 1 99 64 2 4 2 2 0 0 0 0 0 0 0 0 0 0 0 0 0 0 0 0 0 0 0 0 0 0 0 0 0 0 0 0 0 0 0 0 7 1 0 0 19 80 18 46 1 1 2 2 1 1 1 1 0 0 0 0 0 0 0 0 0 0 0 0 0 0 0 0 0 0 0 0 0 0 0 0 0 0 0 0 0 0 0 0 0 0 0 0 0 0 0 0 0 0 0 0 0 0 0 0 0 0 0 0 0 0 0 0 0 0 0 0 0 0 0 0 3 4 0 0 0 0 0 0 11 8 42 38 13 5 30 16 0 0 0 0 1 1 1 1 0 0 0 0 0 0 0 0 0 0 0 0 0 0 0 0 0 0 0 0 0 0 0 0 0 0 0 0 0 0 0 0 0 0 0 0 0 0 0 0 0 0 0 0 0 0 0 0 0 0 0 0 0 0 0 0 0 0 0 0 0 0 0 0 0 0 0 0 0 0 0 0 
255 191 112 79 13 99 77 2 4 9 82 17 7 70 1 1 1 3 5 4 24 58 7 10 1 6 39 31 0 0 0 0 0 0 2 1 2 3 3 1 3 21 19 39 1 6 6 4 0 0 1 5 15 24 18 13 0 0 0 0 0 0 0 0 0 0 0 0 1 1 0 0 1 1 2 1 1 2 0 0 1 2 4 17 13 6 36 3 0 0 5 1 4 2 3 1 0 0 0 0 0 0 2 3 7 8 14 10 6 12 5 8 0 0 0 0 0 0 0 0 0 0 0 0 0 0 0 0 0 0 0 0 0 0 0 0 0 0 0 0 0 0 0 0 0 0 0 0 1 1 0 0 0 0 1 1 0 0 0 0 0 0 1 1 2 2 9 8 2 11 4 2 30 6 2 1 0 0 0 0 3 2 0 0 2 2 1 1 2 1 0 0 0 0 0 0 0 0 0 0 0 0 0 0 1 1 2 1 4 3 4 4 11 3 1 9 5 1 8 4 3 2 2 6 0 0 0 0 0 0 0 0 0 0 0 0 0 0 0 0 0 0 0 0 0 0 0 0 0 0 0 0 0 0 0 0 
255 191 118 73 113 5 66 7 104 9 3 2 51 15 1 6 68 36 8 1 1 2 1 1 13 38 1 14 0 0 5 1 6 62 34 2 4 4 0 0 0 0 1 2 0 0 0 0 12 1 16 22 0 0 7 7 0 0 0 0 4 1 0 0 1 5 24 38 17 17 1 1 1 3 2 2 0 0 0 0 0 0 0 0 0 0 1 2 0 0 0 0 0 0 0 0 1 11 0 0 4 12 21 1 0 0 0 0 2 5 5 2 0 0 0 0 0 0 0 0 2 2 0 0 0 0 0 0 0 0 2 3 3 21 31 7 15 2 15 2 0 0 0 0 0 0 2 1 1 1 1 1 0 0 0 0 0 0 0 0 0 0 0 0 0 0 0 0 0 0 0 0 0 0 1 2 0 0 0 0 0 0 0 0 0 0 0 0 0 0 0 0 0 0 5 6 0 0 0 0 2 2 1 11 3 18 0 0 0 0 0 0 0 0 0 0 1 1 2 3 1 4 1 1 0 0 0 0 0 0 0 0 0 0 0 0 0 0 0 0 1 1 1 1 0 0 0 0 0 0 0 0 0 0 0 0 
255 191 64 127 24 40 22 105 4 20 30 10 3 19 18 87 1 3 18 2 5 25 1 9 2 1 15 4 2 16 49 38 0 0 2 1 15 3 1 1 1 4 16 9 0 0 7 2 1 1 0 0 12 3 3 1 1 1 14 2 41 8 35 3 0 0 0 0 1 1 0 0 8 7 1 2 0 0 0 0 0 0 3 1 6 10 2 7 0 0 0 0 2 5 1 1 0 0 0 0 0 0 0 0 8 4 2 1 2 1 0 0 0 0 0 0 5 9 1 1 20 21 4 4 32 3 1 2 0 0 0 0 0 0 0 0 0 0 0 0 0 0 0 0 5 3 3 4 0 0 1 1 0 0 0 0 0 0 0 0 0 0 0 0 2 1 0 0 4 2 1 9 1 1 1 6 0 0 0 0 0 0 0 0 1 1 4 1 0 0 0 0 0 0 0 0 0 0 0 0 0 0 0 0 0 0 0 0 2 6 2 2 1 1 0 0 1 1 0 0 0 0 0 0 0 0 0 0 0 0 0 0 1 4 1 8 0 0 0 0 14 6 17 4 2 2 1 3 3 29 1 2 0 0 1 1 
255 191 143 48 33 110 33 15 12 21 61 49 1 32 10 5 8 4 12 9 31 30 32 17 0 0 21 11 3 7 1 4 5 3 2 2 1 11 6 3 2 29 20 10 17 15 6 11 0 0 0 0 11 10 4 7 2 1 2 5 0 0 2 2 4 1 2 1 1 1 1 1 0 0 10 1 1 5 1 2 1 1 6 23 9 11 4 6 14 3 11 4 2 4 3 8 0 0 0 0 0 0 0 0 2 9 3 7 3 1 5 2 1 1 0 0 1 2 3 2 0 0 0 0 1 1 1 1 2 2 0 0 1 1 0 0 0 0 0 0 0 0 0 0 0 0 0 0 3 7 0 0 0 0 3 2 0 0 1 1 0 0 0 0 4 2 20 3 4 5 6 5 1 3 5 1 13 1 2 1 5 6 1 3 1 1 2 2 1 2 1 7 0 0 0 0 0 0 0 0 0 0 0 0 0 0 0 0 1 1 2 7 2 1 4 3 1 2 0 0 2 3 1 1 0 0 0 0 0 0 0 0 0 0 1 1 1 2 1 1 0 0 0 0 0 0 0 0 0 0 0 0 0 0 0 0 
255 191 104 87 73 31 35 52 71 2 29 2 14 21 19 33 28 43 1 1 10 19 1 1 4 10 20 1 1 18 1 32 13 15 20 23 0 0 0 0 3 7 9 10 0 0 0 0 3 1 9 1 7 13 0 0 0 0 13 5 0 0 15 17 2 11 10 5 3 17 22 1 0 0 0 0 0 0 0 0 1 2 5 2 1 8 1 9 0 0 0 0 0 0 0 0 2 1 0 0 4 5 0 0 3 4 4 9 0 0 0 0 0 0 0 0 2 11 2 3 0 0 0 0 3 12 16 1 1 1 3 8 3 7 1 4 1 2 8 9 16 6 0 0 0 0 0 0 0 0 0 0 0 0 0 0 0 0 0 0 0 0 1 1 1 4 1 1 0 0 5 3 0 0 5 4 0 0 0 0 0 0 0 0 0 0 0 0 0 0 0 0 1 1 0 0 0 0 0 0 3 1 2 3 0 0 0 0 2 1 1 3 2 2 7 2 0 0 0 0 0 0 0 0 0 0 0 0 0 0 0 0 1 1 3 8 1 1 2 1 0 0 0 0 0 0 0 0 2 1 2 10 5 11 0 0 
255 191 78 113 1 77 16 97 0 0 58 19 3 13 76 21 0 0 0 0 39 19 6 13 1 2 1 12 19 57 14 7 0 0 0 0 0 0 0 0 28 11 2 17 4 2 7 6 0 0 1 1 0 0 11 1 15 4 6 51 7 7 5 2 0 0 0 0 0 0 0 0 0 0 0 0 0 0 0 0 16 12 3 8 1 1 15 2 1 3 1 1 2 5 4 2 0 0 0 0 0 0 0 0 0 0 0 0 4 7 0 0 3 12 1 3 4 2 33 18 1 6 6 1 3 2 1 1 0 0 0 0 0 0 0 0 0 0 0 0 0 0 0 0 0 0 0 0 0 0 0 0 0 0 0 0 0 0 0 0 12 4 3 9 2 1 2 6 0 0 0 0 14 1 1 1 0 0 1 2 0 0 0 0 1 1 3 2 1 3 1 1 0 0 0 0 0 0 0 0 0 0 0 0 0 0 0 0 0 0 0 0 0 0 0 0 2 2 3 4 0 0 0 0 1 2 2 10 0 0 1 2 1 3 1 1 4 29 9 9 0 0 3 3 4 2 0 0 1 2 1 1 0 0 0 0 
255 191 22 169 19 3 88 81 10 9 2 1 74 14 46 35 3 7 2 7 1 1 0 0 67 7 10 4 2 44 20 15 2 1 2 5 1 1 3 4 0 0 0 0 0 0 0 0 5 62 2 5 9 1 3 1 1 1 21 23 13 7 6 9 1 1 0 0 1 1 3 2 0 0 0 0 1 2 1 3 0 0 0 0 0 0 0 0 0 0 0 0 0 0 0 0 2 3 50 12 1 1 1 4 6 3 0 0 1 2 0 0 0 0 0 0 4 17 15 8 6 7 6 1 3 3 1 8 0 0 0 0 0 0 0 0 0 0 0 0 2 1 1 1 0 0 0 0 0 0 0 0 0 0 1 1 0 0 2 1 0 0 0 0 0 0 0 0 0 0 0 0 0 0 0 0 0 0 0 0 0 0 0 0 0 0 0 0 0 0 0 0 1 1 1 2 26 24 8 4 0 0 0 0 0 0 3 1 5 1 1 2 0 0 0 0 0 0 1 1 0 0 0 0 0 0 0 0 0 0 0 0 1 3 3 14 10 5 1 7 1 5 6 1 1 5 0 0 2 1 2 1 0 0 6 2 
255 191 113 78 87 26 67 11 57 30 6 20 41 26 7 4 14 43 10 20 4 2 3 17 28 13 5 21 3 4 1 3 10 4 35 8 6 4 10 10 2 2 1 1 2 1 14 3 20 8 5 8 3 2 14 7 2 1 2 2 0 0 1 2 7 3 3 1 7 28 1 7 3 3 3 1 3 7 9 1 1 1 1 1 0 0 0 0 1 1 0 0 3 11 1 2 4 16 3 5 3 2 2 6 1 2 1 1 7 7 4 3 1 1 0 0 1 1 1 1 0 0 0 0 0 0 1 1 6 1 1 2 2 1 0 0 1 6 10 18 0 0 6 1 2 1 1 2 1 2 0 0 1 2 2 5 2 7 0 0 0 0 0 0 0 0 0 0 0 0 0 0 0 0 0 0 0 0 0 0 0 0 0 0 1 2 1 10 0 0 1 1 1 3 15 1 1 2 4 1 2 1 1 1 1 2 1 5 0 0 1 1 0 0 0 0 6 1 1 6 2 2 2 1 0 0 0 0 0 0 0 0 0 0 0 0 0 0 0 0 0 0 0 0 0 0 0 0 0 0 0 0 0 0 0 0 
255 191 132 59 79 53 18 41 41 38 12 41 8 10 40 1 40 1 20 18 6 6 31 10 1 7 2 8 18 22 0 0 39 1 0 0 8 12 17 1 4 2 2 4 18 13 9 1 0 0 1 6 1 1 6 2 1 17 5 17 0 0 0 0 14 25 0 0 0 0 0 0 2 6 4 8 9 8 0 0 1 3 1 1 1 1 2 2 7 11 6 7 3 6 0 0 0 0 0 0 0 0 1 5 0 0 0 0 4 2 1 1 0 0 9 8 2 3 11 6 0 0 0 0 0 0 0 0 11 3 9 16 0 0 0 0 0 0 0 0 0 0 0 0 1 1 3 3 1 3 5 3 1 8 6 2 0 0 0 0 0 0 2 1 0 0 0 0 0 0 0 0 1 1 1 1 3 4 5 6 4 2 5 2 1 2 5 1 0 0 0 0 0 0 0 0 0 0 0 0 0 0 0 0 0 0 3 2 0 0 0 0 0 0 0 0 1 3 1 1 0 0 0 0 0 0 0 0 8 1 5 3 1 1 2 1 7 4 2 4 0 0 0 0 0 0 0 0 0 0 0 0 0 0 0 0 
255 191 78 113 69 9 5 108 52 17 1 8 1 4 54 54 51 1 14 3 0 0 6 2 0 0 2 2 25 29 17 37 11 40 0 0 1 13 2 1 0 0 0 0 2 4 1 1 0 0 0 0 1 1 1 1 11 14 4 25 5 12 17 20 10 1 4 36 0 0 0 0 0 0 10 3 1 1 0 0 0 0 0 0 0 0 0 0 1 1 3 1 0 0 0 0 0 0 0 0 0 0 0 0 0 0 0 0 0 0 0 0 8 3 1 13 1 3 20 5 4 1 8 4 13 4 18 2 9 1 0 0 3 1 14 22 0 0 0 0 0 0 0 0 0 0 0 0 5 5 2 1 0 0 0 0 0 0 0 0 0 0 0 0 0 0 0 0 0 0 0 0 0 0 0 0 0 0 0 0 1 2 0 0 0 0 0 0 0 0 0 0 0 0 0 0 0 0 0 0 0 0 0 0 0 0 0 0 0 0 0 0 0 0 0 0 0 0 0 0 0 0 0 0 4 4 2 1 0 0 11 2 0 0 2 1 13 7 4 1 2 2 0 0 1 7 1 3 3 10 1 3 16 2 1 1 
255 191 84 107 36 48 76 31 18 18 34 14 60 16 23 8 3 15 3 15 31 3 4 10 47 13 6 10 13 10 2 6 1 2 5 10 2 1 7 8 18 13 1 2 2 2 3 7 23 24 3 10 4 2 9 1 12 1 8 2 1 1 3 3 0 0 1 1 1 4 2 8 1 1 0 0 3 4 4 4 13 5 4 9 0 0 1 1 1 1 1 1 2 1 2 5 3 20 8 16 2 1 8 2 3 1 1 1 6 3 0 0 2 10 0 0 5 3 1 1 0 0 0 0 2 1 1 2 0 0 0 0 0 0 0 0 0 0 2 2 1 1 1 7 0 0 0 0 0 0 0 0 2 1 1 3 3 1 2 2 2 11 4 1 2 2 1 8 0 0 0 0 0 0 0 0 0 0 0 0 0 0 0 0 1 1 0 0 1 1 1 4 1 2 5 15 5 3 7 9 1 1 0 0 2 6 1 1 1 2 0 0 0 0 0 0 3 3 1 2 0 0 0 0 1 1 2 8 0 0 0 0 1 4 2 1 0 0 0 0 0 0 0 0 0 0 0 0 1 1 0 0 0 0 1 1 
255 191 30 161 27 3 111 50 10 17 1 2 80 31 44 6 1 9 12 5 0 0 1 1 79 1 24 7 20 24 4 2 0 0 6 3 5 7 1 4 0 0 0 0 0 0 0 0 2 77 0 0 12 12 2 5 6 14 2 22 2 2 1 1 0 0 0 0 3 3 2 1 2 3 3 4 0 0 3 1 0 0 0 0 0 0 0 0 0 0 0 0 0 0 0 0 1 1 69 8 0 0 0 0 6 6 10 2 1 1 4 1 3 3 10 4 1 1 5 17 1 1 1 1 0 0 0 0 0 0 0 0 0 0 0 0 2 1 1 2 1 1 0 0 1 1 1 2 2 1 2 2 0 0 0 0 2 1 0 0 0 0 0 0 0 0 0 0 0 0 0 0 0 0 0 0 0 0 0 0 0 0 0 0 0 0 0 0 0 0 0 0 0 0 0 0 4 65 1 7 0 0 0 0 0 0 0 0 5 1 4 2 9 1 1 1 0 0 0 0 1 3 0 0 1 2 2 1 7 3 3 1 0 0 0 0 2 3 10 7 0 0 0 0 0 0 0 0 0 0 0 0 0 0 0 0 
255 191 190 1 89 101 0 0 65 24 88 13 0 0 0 0 61 4 13 11 40 48 7 6 0 0 0 0 0 0 0 0 54 7 2 2 12 1 3 8 4 36 27 21 1 6 5 1 0 0 0 0 0 0 0 0 0 0 0 0 0 0 0 0 40 14 3 4 1 1 1 1 1 11 0 0 1 2 7 1 3 1 30 6 7 20 6 15 0 0 3 3 2 3 0 0 0 0 0 0 0 0 0 0 0 0 0 0 0 0 0 0 0 0 0 0 0 0 0 0 0 0 0 0 0 0 0 0 2 38 9 5 2 1 1 3 0 0 0 0 0 0 0 0 0 0 1 10 0 0 0 0 0 0 1 1 3 4 0 0 2 1 0 0 1 29 1 5 3 4 19 1 5 1 10 5 0 0 0 0 2 1 2 1 1 1 2 1 0 0 0 0 0 0 0 0 0 0 0 0 0 0 0 0 0 0 0 0 0 0 0 0 0 0 0 0 0 0 0 0 0 0 0 0 0 0 0 0 0 0 0 0 0 0 0 0 0 0 0 0 0 0 0 0 0 0 0 0 0 0 0 0 0 0 0 0 
255 191 185 6 72 113 1 5 46 26 3 110 0 0 4 1 1 45 23 3 1 2 80 30 0 0 0 0 1 3 0 0 0 0 7 38 17 6 2 1 0 0 1 1 49 31 22 8 0 0 0 0 0 0 0 0 0 0 1 2 0 0 0 0 0 0 0 0 1 6 29 9 3 14 4 2 1 1 0 0 0 0 0 0 0 0 0 0 27 22 12 19 8 14 5 3 0 0 0 0 0 0 0 0 0 0 0 0 0 0 0 0 0 0 0 0 0 0 1 1 0 0 0 0 0 0 0 0 0 0 0 0 0 0 0 0 0 0 5 1 5 24 3 6 1 2 6 8 2 2 1 1 0 0 0 0 0 0 0 0 0 0 0 0 0 0 0 0 0 0 0 0 0 0 0 0 8 19 20 2 2 10 5 14 3 5 9 5 3 2 1 2 0 0 0 0 0 0 0 0 0 0 0 0 0 0 0 0 0 0 0 0 0 0 0 0 0 0 0 0 0 0 0 0 0 0 0 0 0 0 0 0 0 0 0 0 0 0 0 0 0 0 0 0 0 0 0 0 0 0 0 0 0 0 0 0 
255 191 98 93 18 80 20 73 17 1 48 32 2 18 21 52 11 6 0 0 34 14 3 29 1 1 2 16 8 13 25 27 6 5 4 2 0 0 0 0 26 8 3 11 1 3 22 7 0 0 0 0 1 1 13 3 1 7 5 8 18 7 8 19 4 2 4 1 1 3 1 1 0 0 0 0 0 0 0 0 4 22 6 2 2 1 4 7 0 0 1 2 11 11 5 2 0 0 0 0 0 0 0 0 0 0 0 0 11 2 2 1 0 0 1 6 2 3 5 3 6 12 1 6 7 1 13 6 2 2 1 1 2 2 0 0 0 0 2 1 0 0 0 0 0 0 0 0 0 0 0 0 0 0 0 0 0 0 0 0 1 3 19 3 1 5 1 1 1 1 0 0 2 2 5 2 0 0 0 0 0 0 1 2 8 3 9 2 1 4 1 1 0 0 0 0 0 0 0 0 0 0 0 0 0 0 0 0 0 0 0 0 0 0 0 0 5 6 1 1 1 1 0 0 0 0 0 0 0 0 2 4 1 1 1 2 2 3 1 2 3 3 1 11 0 0 3 3 4 3 0 0 12 1 1 5 
255 191 7 184 3 4 62 122 2 1 3 1 27 35 83 39 1 1 0 0 2 1 0 0 7 20 18 17 60 23 31 8 0 0 0 0 0 0 0 0 1 1 0 0 0 0 0 0 3 4 17 3 7 11 2 15 54 6 8 15 13 18 6 2 0 0 0 0 0 0 0 0 0 0 0 0 0 0 0 0 0 0 0 0 0 0 0 0 0 0 0 0 0 0 0 0 1 2 2 2 1 16 1 2 1 6 9 2 1 1 12 3 31 23 2 4 1 7 1 14 7 6 11 7 1 5 1 1 0 0 0 0 0 0 0 0 0 0 0 0 0 0 0 0 0 0 0 0 0 0 0 0 0 0 0 0 0 0 0 0 0 0 0 0 0 0 0 0 0 0 0 0 0 0 0 0 0 0 0 0 0 0 0 0 0 0 0 0 0 0 0 0 0 0 1 1 1 1 1 1 0 0 10 6 0 0 1 1 0 0 3 3 3 6 1 1 0 0 0 0 11 1 1 2 21 10 9 14 1 1 3 1 0 0 1 6 0 0 10 4 5 2 5 1 4 7 5 2 0 0 3 2 0 0 0 0 
255 191 175 16 130 45 1 15 103 27 22 23 0 0 1 14 63 40 9 18 13 9 14 9 0 0 0 0 0 0 9 5 32 31 36 4 7 2 17 1 2 11 2 7 12 2 5 4 0 0 0 0 0 0 0 0 0 0 0 0 4 5 3 2 15 17 8 23 19 17 3 1 2 5 1 1 7 10 0 0 1 1 6 5 1 1 5 2 7 5 1 1 2 3 3 1 0 0 0 0 0 0 0 0 0 0 0 0 0 0 0 0 0 0 0 0 0 0 0 0 1 3 2 3 1 2 1 1 7 8 5 12 7 1 7 16 9 10 4 13 1 2 0 0 1 1 4 1 0 0 0 0 4 3 9 1 0 0 0 0 0 0 0 0 3 3 1 4 0 0 0 0 4 1 1 1 5 2 3 2 0 0 0 0 1 1 1 2 2 1 0 0 0 0 0 0 0 0 0 0 0 0 0 0 0 0 0 0 0 0 0 0 0 0 0 0 0 0 0 0 0 0 0 0 0 0 0 0 0 0 0 0 0 0 0 0 0 0 0 0 0 0 1 2 1 1 1 2 0 0 1 1 0 0 0 0 
255 191 164 27 115 49 15 12 108 7 4 45 10 5 10 2 42 66 2 5 2 2 31 14 4 6 3 2 4 6 1 1 39 3 2 64 1 1 3 2 1 1 1 1 24 7 8 6 1 3 1 5 2 1 1 1 3 1 2 4 0 0 0 0 1 38 2 1 1 1 6 58 0 0 0 0 1 2 1 1 0 0 0 0 0 0 0 0 19 5 5 2 6 2 4 2 0 0 2 1 0 0 4 1 1 1 0 0 0 0 0 0 1 2 0 0 1 1 2 2 0 0 0 0 0 0 0 0 0 0 19 19 1 1 0 0 0 0 0 0 1 5 43 15 0 0 0 0 0 0 0 0 0 0 1 1 0 0 0 0 0 0 0 0 0 0 0 0 0 0 0 0 0 0 0 0 12 7 4 1 1 4 1 1 4 2 1 1 1 3 1 1 0 0 0 0 1 1 0 0 0 0 0 0 1 3 0 0 0 0 0 0 0 0 0 0 0 0 0 0 0 0 0 0 0 0 1 1 0 0 0 0 0 0 0 0 1 1 1 1 0 0 0 0 0 0 0 0 0 0 0 0 0 0 0 0 
255 191 108 83 88 20 54 29 15 73 8 12 11 43 12 17 14 1 9 64 6 2 7 5 3 8 11 32 4 8 12 5 13 1 0 0 4 5 11 53 4 2 1 1 2 5 2 3 1 2 3 5 1 10 21 11 3 1 4 4 9 3 2 3 2 11 0 0 0 0 0 0 2 2 2 3 7 4 14 39 3 1 1 1 0 0 0 0 1 1 1 4 1 1 1 2 0 0 1 1 1 2 1 4 0 0 1 9 13 8 6 5 2 1 0 0 3 1 3 1 5 4 2 1 1 1 1 2 1 1 7 4 0 0 0 0 0 0 0 0 0 0 0 0 1 1 1 1 1 1 1 2 6 1 3 1 5 9 15 24 2 1 0 0 0 0 0 0 0 0 0 0 0 0 0 0 0 0 0 0 0 0 3 1 0 0 0 0 0 0 1 1 0 0 0 0 0 0 0 0 0 0 1 1 0 0 2 2 0 0 0 0 0 0 6 3 1 12 6 2 2 4 4 1 1 1 0 0 0 0 0 0 1 2 0 0 1 2 0 0 2 3 2 2 1 1 0 0 0 0 0 0 0 0 1 1 
255 191 110 81 103 7 11 70 102 1 4 3 1 10 31 39 67 35 0 0 3 1 2 1 0 0 9 1 5 26 12 27 3 64 31 4 0 0 0 0 1 2 0 0 1 1 0 0 0 0 0 0 6 3 0 0 3 2 2 24 7 5 10 17 1 2 60 4 19 12 3 1 0 0 0 0 0 0 0 0 0 0 1 1 0 0 0 0 0 0 0 0 0 0 0 0 0 0 0 0 0 0 0 0 5 1 2 1 0 0 0 0 1 2 1 1 1 1 15 9 6 1 2 3 8 2 10 7 0 0 1 1 16 44 2 2 10 9 11 1 2 1 0 0 0 0 0 0 0 0 0 0 0 0 0 0 0 0 0 0 0 0 0 0 0 0 0 0 0 0 0 0 0 0 0 0 0 0 0 0 0 0 0 0 0 0 0 0 0 0 0 0 0 0 0 0 0 0 0 0 0 0 0 0 0 0 0 0 3 2 0 0 1 1 0 0 0 0 0 0 0 0 0 0 0 0 1 1 0 0 0 0 0 0 0 0 13 2 6 3 3 3 0 0 1 1 2 1 3 5 1 1 3 7 3 4 
255 191 113 78 92 21 61 17 16 76 1 20 10 51 7 10 10 6 5 71 0 0 16 4 7 3 9 42 1 6 1 9 8 2 1 5 2 3 57 14 0 0 0 0 9 7 2 2 2 5 1 2 4 5 39 3 0 0 5 1 0 0 3 6 7 1 1 1 0 0 4 1 1 1 2 1 55 2 2 12 0 0 0 0 0 0 0 0 7 2 4 3 1 2 1 1 1 1 2 3 0 0 1 2 3 1 3 2 17 22 1 2 0 0 0 0 4 1 0 0 0 0 0 0 1 2 2 4 2 5 0 0 0 0 0 0 0 0 0 0 1 3 0 0 0 0 0 0 1 1 0 0 6 49 1 1 1 1 7 5 0 0 0 0 0 0 0 0 0 0 0 0 0 0 0 0 5 2 1 1 3 1 2 1 0 0 1 2 0 0 0 0 0 0 0 0 1 1 2 1 0 0 0 0 0 0 1 2 2 1 0 0 2 1 1 1 13 4 11 11 0 0 1 1 0 0 0 0 0 0 0 0 3 1 0 0 0 0 0 0 0 0 0 0 0 0 0 0 0 0 1 1 1 1 3 1 
255 191 188 3 118 70 2 1 40 78 46 24 1 1 0 0 6 34 48 30 29 17 3 21 0 0 0 0 0 0 0 0 4 2 14 20 43 5 20 10 15 14 2 15 1 2 15 6 0 0 0 0 0 0 0 0 0 0 0 0 0 0 0 0 2 2 1 1 7 7 11 9 2 41 1 4 18 2 8 2 4 11 11 3 1 1 14 1 0 0 1 2 10 5 3 3 0 0 0 0 0 0 0 0 0 0 0 0 0 0 0 0 0 0 0 0 0 0 0 0 0 0 0 0 0 0 0 0 1 1 1 1 0 0 0 0 1 6 2 5 4 7 1 8 1 1 34 7 0 0 3 1 2 16 1 1 6 2 1 1 1 3 1 10 9 2 2 1 0 0 0 0 4 10 0 0 0 0 0 0 0 0 1 1 8 2 1 4 1 2 2 1 0 0 0 0 0 0 0 0 0 0 0 0 0 0 0 0 0 0 0 0 0 0 0 0 0 0 0 0 0 0 0 0 0 0 0 0 0 0 0 0 0 0 0 0 0 0 0 0 0 0 0 0 0 0 0 0 0 0 0 0 0 0 0 0 
255 191 116 75 7 109 22 53 3 4 14 95 1 21 48 5 1 2 1 3 12 2 30 65 0 0 10 11 27 21 3 2 0 0 1 1 0 0 1 2 5 7 1 1 2 28 12 53 0 0 0 0 1 9 3 8 19 8 12 9 1 2 1 1 0 0 0 0 0 0 0 0 0 0 0 0 0 0 1 1 3 2 3 4 0 0 0 0 1 1 21 7 3 9 52 1 0 0 0 0 0 0 0 0 0 0 1 8 1 2 3 5 13 6 7 1 6 6 2 7 0 0 1 1 0 0 0 0 0 0 0 0 0 0 0 0 0 0 0 0 0 0 0 0 0 0 0 0 0 0 0 0 0 0 0 0 0 0 0 0 1 2 1 1 1 2 3 1 0 0 0 0 0 0 0 0 0 0 0 0 8 13 4 3 2 1 7 2 31 21 0 0 0 0 0 0 0 0 0 0 0 0 0 0 0 0 0 0 0 0 0 0 0 0 4 4 0 0 1 1 2 1 1 4 6 7 1 5 3 4 0 0 4 2 4 2 1 1 4 3 0 0 0 0 0 0 0 0 0 0 0 0 0 0 0 0 
255 191 139 52 89 50 31 21 75 14 7 43 16 15 13 8 36 39 12 2 3 4 35 8 12 4 6 9 11 2 4 4 26 10 1 38 2 10 1 1 1 2 1 3 9 26 7 1 10 2 3 1 5 1 8 1 10 1 1 1 2 2 3 1 16 10 6 4 0 0 2 36 1 1 9 1 0 0 0 0 0 0 1 1 0 0 2 1 7 2 18 8 1 6 0 0 2 8 1 1 1 2 0 0 4 1 0 0 5 3 0 0 5 5 0 0 0 0 0 0 1 1 1 1 2 1 0 0 5 11 9 1 2 4 2 2 0 0 0 0 1 1 1 35 0 0 0 0 3 6 0 0 0 0 0 0 0 0 0 0 0 0 0 0 0 0 0 0 0 0 0 0 1 1 0 0 2 5 1 1 14 4 3 5 0 0 3 3 0 0 0 0 1 1 7 1 0 0 0 0 0 0 1 1 0 0 0 0 3 1 0 0 0 0 0 0 4 1 1 2 0 0 0 0 3 2 4 1 0 0 0 0 0 0 0 0 0 0 0 0 0 0 0 0 0 0 0 0 1 1 0 0 0 0 0 0 
255 191 109 82 80 29 75 7 14 66 14 15 64 11 5 2 12 2 64 2 5 9 1 14 59 5 4 7 3 2 1 1 4 8 1 1 12 52 1 1 1 4 1 8 0 0 2 12 34 25 3 2 2 2 1 6 2 1 1 1 0 0 0 0 2 2 1 7 0 0 0 0 10 2 6 46 0 0 0 0 0 0 2 2 0 0 2 6 0 0 0 0 1 1 6 6 5 29 14 11 1 2 1 1 1 1 1 1 0 0 4 2 1 1 0 0 0 0 0 0 0 0 0 0 0 0 0 0 1 1 1 1 0 0 2 5 0 0 0 0 0 0 0 0 5 5 1 1 5 1 43 3 0 0 0 0 0 0 0 0 0 0 0 0 1 1 1 1 0 0 0 0 1 1 4 2 0 0 0 0 0 0 0 0 0 0 0 0 2 4 1 5 3 2 4 25 13 1 2 9 0 0 1 1 0 0 0 0 0 0 0 0 0 0 0 0 0 0 0 0 1 3 1 1 0 0 0 0 0 0 0 0 0 0 0 0 0 0 0 0 0 0 0 0 0 0 0 0 0 0 0 0 0 0 0 0 
255 191 45 146 10 35 48 98 9 1 32 3 44 4 50 48 3 6 0 0 8 24 2 1 36 8 3 1 48 2 13 35 1 2 3 3 0 0 0 0 5 3 21 3 1 1 0 0 28 8 5 3 1 2 0 0 3 45 1 1 8 5 5 30 0 0 1 1 1 2 2 1 0 0 0 0 0 0 0 0 4 1 2 1 8 13 1 2 0 0 0 0 0 0 0 0 10 18 7 1 1 4 1 2 0 0 1 1 0 0 0 0 1 2 17 28 0 0 0 0 5 3 1 4 1 4 22 8 0 0 0 0 0 0 0 0 0 0 1 1 1 1 0 0 0 0 0 0 0 0 0 0 0 0 0 0 0 0 0 0 3 1 0 0 1 1 0 0 7 1 11 2 0 0 1 1 0 0 0 0 0 0 0 0 0 0 0 0 0 0 0 0 6 4 9 9 6 1 0 0 0 0 3 1 0 0 1 1 0 0 0 0 0 0 0 0 0 0 0 0 0 0 0 0 0 0 1 1 8 9 16 12 0 0 0 0 0 0 0 0 1 4 2 1 0 0 3 1 0 0 1 3 3 19 4 4 
255 191 132 59 103 29 19 40 8 95 16 13 10 9 31 9 2 6 80 15 10 6 9 4 2 8 4 5 26 5 7 2 1 1 2 4 38 42 1 14 5 5 3 3 2 7 3 1 1 1 6 2 2 2 4 1 5 21 4 1 4 3 1 1 0 0 0 0 1 1 3 1 10 28 24 18 0 0 9 5 1 4 1 4 1 2 1 2 1 1 3 4 2 1 0 0 0 0 0 0 4 2 1 1 1 1 1 1 2 2 0 0 1 4 14 7 2 2 0 0 3 1 1 2 0 0 0 0 0 0 0 0 0 0 0 0 0 0 0 0 1 2 0 0 8 2 17 11 3 21 11 7 0 0 0 0 1 8 4 1 0 0 3 1 0 0 2 2 0 0 1 1 0 0 1 1 0 0 0 0 1 2 3 1 1 1 0 0 0 0 0 0 0 0 0 0 0 0 0 0 3 1 1 1 0 0 0 0 0 0 0 0 0 0 0 0 1 1 1 1 0 0 0 0 0 0 3 1 3 11 3 4 1 1 1 1 0 0 0 0 2 1 0 0 0 0 1 1 0 0 0 0 0 0 0 0 
255 191 108 83 83 25 42 41 80 3 8 17 16 26 2 39 64 16 1 2 2 6 6 11 3 13 12 14 1 1 12 27 11 53 8 8 0 0 1 1 1 1 2 4 5 1 5 6 1 2 8 5 2 10 7 7 0 0 0 0 7 5 9 18 6 5 39 14 5 3 7 1 0 0 0 0 0 0 0 0 0 0 0 0 1 1 1 3 3 2 0 0 2 3 1 5 0 0 1 1 4 4 2 3 1 1 2 8 5 2 5 2 0 0 0 0 0 0 0 0 1 6 1 4 4 5 5 13 1 5 1 4 1 38 11 3 2 3 2 1 4 3 0 0 0 0 0 0 0 0 0 0 0 0 0 0 0 0 0 0 0 0 0 0 0 0 0 0 0 0 0 0 0 0 2 1 2 1 1 1 0 0 0 0 1 1 1 2 0 0 3 2 0 0 0 0 0 0 0 0 2 2 3 1 1 1 1 2 0 0 0 0 1 1 4 4 3 2 1 1 3 2 1 1 0 0 0 0 0 0 0 0 0 0 0 0 0 0 0 0 0 0 1 5 0 0 2 2 2 2 2 3 2 3 2 11 
255 191 71 120 29 42 68 52 15 14 37 5 20 48 41 11 11 4 6 8 8 29 1 4 8 12 11 37 29 12 5 6 3 8 1 3 5 1 2 6 3 5 4 25 0 0 2 2 5 3 7 5 1 10 27 10 22 7 5 7 3 2 4 2 1 2 3 5 0 0 1 2 4 1 0 0 1 1 4 2 2 1 1 4 1 3 17 8 0 0 0 0 1 1 1 1 2 3 2 1 6 1 2 3 0 0 9 1 23 4 5 5 10 12 1 6 4 1 2 5 1 2 1 1 2 2 1 1 0 0 1 2 1 2 3 2 0 0 0 0 0 0 1 1 3 1 0 0 0 0 0 0 0 0 0 0 2 2 1 1 1 1 0 0 0 0 1 3 0 0 2 1 16 1 6 2 0 0 0 0 0 0 0 0 0 0 0 0 0 0 0 0 1 1 2 1 1 1 0 0 3 3 0 0 1 1 1 2 0 0 0 0 6 3 0 0 7 16 3 1 2 3 3 2 7 3 1 11 0 0 2 4 1 3 0 0 1 1 3 2 0 0 1 1 0 0 0 0 1 1 1 2 0 0 0 0 
255 191 23 168 7 16 34 134 2 5 9 7 29 5 94 40 1 1 3 2 2 7 6 1 20 9 1 4 43 51 24 16 0 0 0 0 2 1 1 1 1 1 3 4 4 2 0 0 18 2 8 1 0 0 1 3 27 16 35 16 19 5 15 1 0 0 0 0 0 0 0 0 1 1 0 0 0 0 0 0 0 0 0 0 2 1 1 3 1 3 1 1 0 0 0 0 9 9 1 1 5 3 0 0 0 0 0 0 0 0 1 2 2 25 12 4 17 18 15 1 12 7 4 1 14 1 0 0 0 0 0 0 0 0 0 0 0 0 0 0 0 0 0 0 0 0 0 0 0 0 0 0 0 0 0 0 0 0 0 0 0 0 0 0 0 0 0 0 1 1 0 0 0 0 2 1 0 0 1 2 0 0 0 0 0 0 0 0 0 0 0 0 4 5 4 5 0 0 0 0 1 4 2 1 0 0 0 0 0 0 0 0 0 0 0 0 0 0 0 0 0 0 1 1 1 1 19 6 1 11 2 2 7 10 15 3 1 14 0 0 9 3 4 3 3 1 0 0 7 7 0 0 0 0 0 0 
255 191 184 7 37 147 2 5 2 35 73 74 1 1 4 1 1 1 31 4 30 43 12 62 0 0 0 0 2 2 0 0 0 0 0 0 14 17 1 3 9 21 24 19 1 11 1 61 0 0 0 0 0 0 0 0 1 1 1 1 0 0 0 0 0 0 0 0 0 0 0 0 2 12 5 12 0 0 2 1 2 7 10 11 14 10 18 1 0 0 3 8 0 0 32 29 0 0 0 0 0 0 0 0 0 0 0 0 0 0 0 0 0 0 0 0 0 0 0 0 0 0 0 0 0 0 0 0 0 0 0 0 0 0 0 0 0 0 0 0 0 0 0 0 1 1 7 5 3 2 8 4 0 0 0 0 1 1 0 0 1 1 2 5 8 2 7 4 5 9 9 1 7 11 0 0 0 0 0 0 2 1 6 2 0 0 0 0 26 6 18 11 0 0 0 0 0 0 0 0 0 0 0 0 0 0 0 0 0 0 0 0 0 0 0 0 0 0 0 0 0 0 0 0 0 0 0 0 0 0 0 0 0 0 0 0 0 0 0 0 0 0 0 0 0 0 0 0 0 0 0 0 0 0 0 0 
255 191 137 54 85 52 20 34 61 24 21 31 7 13 25 9 56 5 9 15 19 2 16 15 5 2 12 1 7 18 2 7 25 31 1 4 2 7 1 14 17 2 1 1 12 4 11 4 4 1 1 1 7 5 0 0 3 4 11 7 1 1 3 4 12 13 30 1 0 0 3 1 1 1 6 1 0 0 5 9 14 3 1 1 0 0 0 0 11 1 3 1 6 5 3 1 1 3 0 0 0 0 0 0 6 1 1 4 0 0 0 0 2 1 3 1 8 3 4 3 0 0 0 0 2 1 2 2 9 3 4 9 8 22 0 0 0 0 0 0 1 2 0 0 0 0 0 0 1 5 0 0 0 0 0 0 2 3 2 7 13 1 1 2 0 0 0 0 0 0 0 0 0 0 0 0 5 6 0 0 2 1 0 0 4 2 2 3 2 1 0 0 0 0 2 1 0 0 0 0 0 0 0 0 0 0 0 0 2 4 0 0 0 0 2 2 0 0 0 0 0 0 0 0 1 1 0 0 1 2 0 0 7 1 1 2 1 3 1 2 0 0 0 0 0 0 0 0 1 1 0 0 1 1 1 2 
255 191 9 182 2 7 95 87 1 2 2 5 7 88 78 9 0 0 1 1 1 1 2 3 4 3 79 9 66 12 1 8 0 0 0 0 0 0 0 0 0 0 0 0 1 1 2 1 1 4 2 1 3 76 7 2 39 27 2 10 0 0 6 2 0 0 0 0 0 0 0 0 0 0 0 0 0 0 0 0 0 0 0 0 0 0 0 0 0 0 0 0 1 1 0 0 0 0 1 3 1 2 0 0 1 2 67 9 2 5 1 1 32 7 9 18 1 1 2 8 0 0 0 0 4 2 1 1 0 0 0 0 0 0 0 0 0 0 0 0 0 0 0 0 0 0 0 0 0 0 0 0 0 0 0 0 0 0 0 0 0 0 0 0 0 0 0 0 0 0 0 0 0 0 0 0 0 0 0 0 0 0 0 0 0 0 0 0 0 0 0 0 0 0 0 0 0 0 1 2 0 0 1 1 0 0 0 0 0 0 1 1 61 6 8 1 1 1 2 3 0 0 0 0 29 3 1 6 3 6 13 5 0 0 0 0 1 1 4 4 0 0 0 0 0 0 0 0 1 3 1 1 0 0 0 0 
255 191 147 44 88 59 20 24 27 61 43 16 11 9 16 8 25 2 12 49 16 27 6 10 1 10 7 2 15 1 3 5 20 5 1 1 8 4 25 24 6 10 15 12 4 2 9 1 0 0 4 6 2 5 1 1 1 14 0 0 2 1 3 2 1 19 4 1 0 0 0 0 1 7 3 1 13 12 17 7 4 2 3 7 7 8 11 1 1 3 1 1 5 4 0 0 0 0 0 0 3 1 5 1 1 1 2 3 0 0 0 0 0 0 9 5 0 0 0 0 1 1 0 0 2 1 1 1 0 0 2 17 2 2 0 0 0 0 0 0 0 0 0 0 0 0 2 5 1 2 0 0 2 11 3 9 3 14 4 3 1 3 1 1 1 2 5 2 2 5 4 4 5 6 0 0 0 0 1 2 0 0 0 0 1 4 3 1 0 0 0 0 0 0 0 0 0 0 0 0 2 1 0 0 1 4 0 0 0 0 0 0 1 1 1 2 0 0 0 0 0 0 0 0 0 0 0 0 5 4 2 3 0 0 0 0 0 0 0 0 0 0 0 0 0 0 0 0 1 1 0 0 0 0 0 0 
255 191 118 73 17 101 37 36 14 3 89 12 10 27 8 28 10 4 2 1 30 59 8 4 9 1 16 11 1 7 3 25 6 4 1 3 1 1 0 0 7 23 14 45 3 5 1 3 7 2 0 0 13 3 8 3 0 0 6 1 2 1 17 8 1 5 3 1 0 0 1 3 0 0 0 0 0 0 0 0 5 2 7 16 2 12 5 40 1 2 4 1 0 0 1 2 4 3 1 1 0 0 0 0 9 4 1 2 6 2 1 2 0 0 0 0 2 4 0 0 1 2 0 0 4 13 6 2 0 0 4 1 2 1 0 0 0 0 0 0 0 0 1 3 0 0 0 0 0 0 0 0 0 0 0 0 0 0 0 0 1 4 1 1 3 4 14 2 1 2 5 7 1 4 33 7 0 0 1 1 1 3 0 0 0 0 0 0 0 0 1 1 1 3 1 2 0 0 0 0 0 0 0 0 0 0 0 0 1 8 1 3 0 0 1 1 3 3 1 1 0 0 1 1 0 0 0 0 0 0 0 0 1 1 3 1 0 0 0 0 0 0 1 1 0 0 0 0 2 2 5 8 1 5 1 1 
255 191 70 121 16 54 46 75 12 4 40 14 7 39 52 23 10 2 1 3 2 38 13 1 3 4 35 4 9 43 5 18 3 7 1 1 0 0 1 2 1 1 7 31 3 10 0 0 1 2 1 3 22 13 1 3 8 1 15 28 2 3 12 6 2 1 3 4 0 0 0 0 0 0 0 0 0 0 1 1 0 0 0 0 3 4 27 4 2 1 9 1 0 0 0 0 0 0 1 1 0 0 2 1 15 7 3 10 0 0 2 1 6 2 0 0 8 7 9 19 1 1 2 1 1 11 1 5 1 1 0 0 1 2 1 3 0 0 0 0 0 0 0 0 0 0 0 0 0 0 0 0 0 0 0 0 0 0 0 0 0 0 0 0 0 0 0 0 1 2 3 1 22 5 3 1 1 1 0 0 8 1 0 0 0 0 0 0 0 0 0 0 0 0 0 0 0 0 0 0 0 0 0 0 1 1 0 0 6 9 4 3 1 2 7 3 0 0 0 0 1 1 0 0 2 4 1 1 0 0 0 0 2 6 5 2 2 7 3 16 0 0 0 0 1 1 0 0 0 0 2 9 0 0 4 1 
255 191 75 116 24 51 113 3 5 19 38 13 77 36 1 2 1 4 3 16 8 30 1 12 3 74 12 24 0 0 1 1 0 0 3 1 2 1 9 7 1 7 3 27 0 0 8 4 2 1 69 5 1 11 13 11 0 0 0 0 0 0 0 0 0 0 0 0 2 1 0 0 1 1 0 0 3 6 6 1 0 0 3 4 1 2 3 24 0 0 0 0 7 1 3 1 1 1 0 0 14 55 4 1 0 0 4 7 7 6 9 2 0 0 0 0 0 0 0 0 0 0 0 0 0 0 0 0 0 0 0 0 0 0 0 0 1 1 0 0 0 0 0 0 0 0 0 0 0 0 0 0 2 1 4 2 1 5 0 0 0 0 0 0 1 2 1 3 0 0 1 1 1 2 21 3 0 0 0 0 0 0 0 0 3 4 0 0 1 3 0 0 0 0 0 0 0 0 0 0 1 13 22 33 1 3 0 0 0 0 0 0 2 2 1 6 6 1 3 3 6 3 1 1 0 0 0 0 0 0 0 0 0 0 0 0 0 0 0 0 0 0 0 0 0 0 0 0 0 0 0 0 0 0 0 0 
255 191 62 129 48 14 27 102 33 15 12 2 26 1 34 68 18 15 2 13 6 6 1 1 23 3 0 0 6 28 8 60 9 9 14 1 1 1 9 4 5 1 4 2 0 0 0 0 17 6 2 1 0 0 0 0 2 4 19 9 4 4 21 39 1 8 3 6 3 11 0 0 0 0 0 0 1 8 3 1 3 2 0 0 1 3 1 1 0 0 0 0 0 0 0 0 8 9 3 3 1 2 0 0 0 0 0 0 0 0 0 0 1 1 1 3 14 5 2 7 3 1 1 3 6 15 35 4 0 0 6 2 2 1 5 1 1 2 10 1 0 0 0 0 0 0 0 0 0 0 0 0 0 0 3 5 2 1 0 0 2 1 1 1 0 0 0 0 0 0 1 2 0 0 0 0 0 0 0 0 0 0 0 0 0 0 0 0 0 0 0 0 3 5 4 5 2 1 2 1 0 0 1 2 0 0 0 0 0 0 0 0 0 0 0 0 0 0 0 0 0 0 0 0 0 0 0 0 0 0 2 1 9 5 4 1 1 1 5 2 2 1 0 0 0 0 1 2 4 2 4 11 2 33 3 1 
255 191 4 187 2 2 4 183 1 1 1 1 3 1 116 67 0 0 0 0 0 0 0 0 1 2 0 0 70 46 62 5 0 0 0 0 0 0 0 0 0 0 0 0 0 0 0 0 0 0 1 1 0 0 0 0 18 52 15 31 42 20 4 1 0 0 0 0 0 0 0 0 0 0 0 0 0 0 0 0 0 0 0 0 0 0 0 0 0 0 0 0 0 0 0 0 0 0 0 0 0 0 0 0 0 0 0 0 0 0 0 0 6 12 41 11 1 14 6 25 30 12 19 1 1 3 0 0 0 0 0 0 0 0 0 0 0 0 0 0 0 0 0 0 0 0 0 0 0 0 0 0 0 0 0 0 0 0 0 0 0 0 0 0 0 0 0 0 0 0 0 0 0 0 0 0 0 0 0 0 0 0 0 0 0 0 0 0 0 0 0 0 0 0 0 0 0 0 0 0 0 0 0 0 0 0 0 0 0 0 0 0 0 0 0 0 0 0 0 0 0 0 0 0 4 2 1 11 39 2 7 4 0 0 5 9 1 5 19 6 23 7 1 11 16 3 0 0 0 0 2 1 0 0 0 0 
255 191 1 190 0 0 138 52 0 0 0 0 102 36 25 27 0 0 0 0 0 0 0 0 100 2 14 22 18 7 26 1 0 0 0 0 0 0 0 0 0 0 0 0 0 0 0 0 78 22 1 1 13 1 7 15 2 16 4 3 23 3 0 0 0 0 0 0 0 0 0 0 0 0 0 0 0 0 0 0 0 0 0 0 0 0 0 0 0 0 0 0 0 0 0 0 33 45 13 9 0 0 0 0 3 10 0 0 5 2 4 11 1 1 7 9 1 3 1 2 21 2 2 1 0 0 0 0 0 0 0 0 0 0 0 0 0 0 0 0 0 0 0 0 0 0 0 0 0 0 0 0 0 0 0 0 0 0 0 0 0 0 0 0 0 0 0 0 0 0 0 0 0 0 0 0 0 0 0 0 0 0 0 0 0 0 0 0 0 0 0 0 23 10 44 1 3 10 6 3 0 0 0 0 0 0 0 0 1 2 2 8 0 0 0 0 3 2 1 1 2 2 1 10 0 0 0 0 6 1 3 6 0 0 2 1 0 0 1 1 10 11 1 1 1 1 0 0 0 0 0 0 0 0 0 0 
255 191 114 77 75 39 72 5 58 17 23 16 69 3 4 1 32 26 15 2 7 16 4 12 4 65 1 2 2 2 0 0 29 3 22 4 6 9 1 1 5 2 4 12 3 1 2 10 3 1 21 44 0 0 1 2 1 1 1 1 0 0 0 0 13 16 1 2 8 14 1 3 4 2 6 3 0 0 0 0 4 1 1 1 3 1 1 11 1 2 0 0 1 1 8 2 1 2 0 0 8 13 43 1 0 0 0 0 0 0 1 2 0 0 0 0 0 0 0 0 0 0 0 0 0 0 0 0 11 2 11 5 0 0 1 1 5 3 4 10 0 0 2 1 1 3 1 1 2 4 1 2 0 0 0 0 0 0 0 0 3 1 0 0 0 0 0 0 2 1 0 0 0 0 7 4 0 0 1 1 0 0 0 0 0 0 0 0 5 3 1 1 0 0 1 1 0 0 0 0 2 6 7 6 8 35 0 0 0 0 0 0 0 0 0 0 0 0 0 0 0 0 1 2 0 0 0 0 0 0 0 0 0 0 0 0 0 0 0 0 0 0 0 0 0 0 0 0 0 0 0 0 0 0 0 0 
255 191 156 35 50 106 18 17 35 15 61 45 7 11 12 5 9 26 13 2 28 33 29 16 2 5 9 2 3 9 4 1 1 8 18 8 1 12 1 1 1 27 1 32 9 20 14 2 1 1 4 1 4 5 1 1 1 2 5 4 2 2 0 0 0 0 2 6 4 14 7 1 0 0 11 1 0 0 0 0 0 0 4 23 0 0 29 3 5 4 5 15 7 7 1 1 0 0 0 0 3 1 0 0 1 3 1 4 0 0 0 0 0 0 1 1 2 3 1 3 1 1 1 1 0 0 0 0 0 0 0 0 1 2 5 1 2 2 10 4 4 3 0 0 0 0 0 0 9 2 0 0 0 0 0 0 0 0 0 0 0 0 0 0 1 3 5 18 0 0 0 0 21 8 1 2 4 1 3 1 1 4 5 10 3 4 2 5 0 0 0 0 0 0 0 0 0 0 0 0 1 2 0 0 0 0 0 0 0 0 2 1 0 0 2 2 0 0 0 0 0 0 0 0 0 0 0 0 0 0 0 0 1 1 2 1 0 0 2 1 0 0 0 0 0 0 0 0 0 0 0 0 0 0 0 0 
255 191 149 42 2 147 16 26 1 1 84 63 6 10 12 14 0 0 0 0 41 43 38 25 2 4 3 7 2 10 2 12 0 0 0 0 0 0 0 0 13 28 27 16 22 16 16 9 1 2 2 2 2 1 3 4 1 1 9 1 1 1 11 1 0 0 0 0 0 0 0 0 0 0 0 0 0 0 0 0 8 5 23 5 5 22 3 13 20 2 9 7 11 5 7 2 0 0 1 1 1 1 1 1 1 1 0 0 2 1 2 2 0 0 0 0 7 2 0 0 0 0 0 0 1 10 0 0 0 0 0 0 0 0 0 0 0 0 0 0 0 0 0 0 0 0 0 0 0 0 0 0 0 0 0 0 0 0 0 0 6 2 4 1 4 19 2 3 2 3 7 15 1 2 1 12 1 19 1 1 3 6 4 3 4 7 2 3 2 5 1 1 0 0 0 0 0 0 0 0 0 0 0 0 0 0 0 0 0 0 0 0 0 0 0 0 1 2 0 0 1 1 1 1 0 0 0 0 0 0 0 0 4 3 1 1 0 0 0 0 0 0 0 0 0 0 0 0 0 0 7 3 0 0 0 0 
255 191 139 52 110 29 34 18 86 24 3 26 30 4 15 3 29 57 14 10 1 2 2 24 27 3 2 2 14 1 2 1 16 13 46 11 11 3 7 3 0 0 1 1 1 1 14 10 17 10 1 2 1 1 1 1 13 1 0 0 1 1 0 0 15 1 10 3 24 22 6 5 3 8 1 2 6 1 1 2 0 0 0 0 0 0 0 0 0 0 0 0 1 13 4 6 15 2 2 8 0 0 1 1 0 0 0 0 0 0 0 0 12 1 0 0 0 0 0 0 0 0 0 0 0 0 0 0 7 8 0 0 9 1 2 1 3 21 20 2 5 1 4 1 1 2 1 7 0 0 1 1 5 1 0 0 0 0 1 1 0 0 0 0 0 0 0 0 0 0 0 0 0 0 0 0 0 0 0 0 0 0 0 0 0 0 4 9 3 1 5 1 5 10 1 2 1 1 5 3 0 0 0 0 0 0 0 0 0 0 0 0 0 0 0 0 0 0 0 0 0 0 0 0 2 10 0 0 0 0 0 0 0 0 0 0 0 0 0 0 0 0 0 0 0 0 0 0 0 0 0 0 0 0 0 0 
255 191 42 149 31 11 89 60 23 8 7 4 64 25 2 58 10 13 1 7 1 6 3 1 17 47 8 17 1 1 8 50 6 4 1 12 0 0 5 2 0 0 5 1 1 2 0 0 2 15 31 16 1 7 12 5 0 0 0 0 7 1 49 1 1 5 3 1 0 0 2 10 0 0 0 0 2 3 1 1 0 0 0 0 4 1 0 0 0 0 1 1 0 0 0 0 1 1 14 1 30 1 1 15 0 0 4 3 9 3 3 2 0 0 0 0 0 0 0 0 2 5 0 0 15 34 0 0 0 0 4 1 2 1 0 0 0 0 0 0 1 1 6 4 0 0 0 0 0 0 0 0 1 1 2 1 0 0 0 0 0 0 0 0 0 0 0 0 3 1 0 0 0 0 0 0 0 0 0 0 0 0 0 0 0 0 0 0 0 0 0 0 0 0 0 0 5 9 0 0 22 8 0 0 0 0 1 14 0 0 0 0 3 1 2 1 7 2 2 1 1 2 1 1 0 0 0 0 0 0 0 0 0 0 0 0 0 0 0 0 1 1 3 2 0 0 0 0 9 6 30 4 0 0 0 0 
255 191 146 45 114 32 44 1 71 43 12 20 26 18 0 0 41 30 3 40 9 3 19 1 22 4 4 14 0 0 0 0 15 26 14 16 1 2 19 21 5 4 2 1 17 2 0 0 6 16 3 1 2 2 5 9 0 0 0 0 0 0 0 0 6 9 19 7 7 7 12 4 0 0 1 1 3 16 4 17 2 3 3 1 1 1 0 0 8 9 1 2 0 0 0 0 5 1 12 4 2 1 0 0 1 1 1 1 4 1 2 7 0 0 0 0 0 0 0 0 0 0 0 0 0 0 0 0 5 1 4 5 8 11 6 1 4 3 2 5 3 9 2 2 0 0 0 0 0 0 0 0 2 1 2 14 1 3 10 7 1 1 2 1 1 2 0 0 0 0 0 0 0 0 0 0 1 7 8 1 0 0 1 1 0 0 0 0 0 0 0 0 1 4 0 0 9 3 1 3 1 1 0 0 0 0 0 0 0 0 0 0 0 0 0 0 1 3 0 0 1 1 1 6 0 0 0 0 0 0 0 0 0 0 0 0 0 0 0 0 0 0 0 0 0 0 0 0 0 0 0 0 0 0 0 0 
255 191 47 144 17 30 118 26 7 10 25 5 76 42 4 22 3 4 9 1 7 18 1 4 12 64 8 34 2 2 10 12 2 1 1 3 1 8 0 0 3 4 14 4 0 0 1 3 4 8 54 10 3 5 4 30 1 1 1 1 4 6 1 11 1 1 0 0 0 0 2 1 0 0 2 6 0 0 0 0 2 1 3 1 1 13 1 3 0 0 0 0 0 0 2 1 1 3 3 5 33 21 9 1 2 1 1 4 1 3 20 10 0 0 0 0 0 0 0 0 3 1 3 3 0 0 8 3 0 0 0 0 0 0 0 0 0 0 0 0 1 1 0 0 0 0 0 0 1 1 3 3 0 0 0 0 0 0 0 0 1 1 0 0 1 2 0 0 0 0 10 3 0 0 1 2 0 0 0 0 0 0 0 0 0 0 0 0 1 1 0 0 0 0 1 2 1 2 2 3 20 13 10 11 1 8 0 0 1 1 0 0 0 0 1 3 0 0 2 1 18 2 4 6 0 0 0 0 0 0 0 0 0 0 0 0 0 0 0 0 1 2 0 0 2 1 2 1 0 0 0 0 1 7 1 2 
255 191 21 170 4 17 156 14 3 1 10 7 119 37 11 3 1 2 0 0 8 2 4 3 45 74 7 30 1 10 2 1 0 0 1 1 0 0 0 0 3 5 1 1 2 2 1 2 7 38 71 3 6 1 26 4 0 0 6 4 1 1 0 0 0 0 0 0 0 0 0 0 0 0 0 0 0 0 0 0 1 2 4 1 0 0 0 0 1 1 1 1 0 0 1 1 2 5 37 1 60 11 1 2 1 5 0 0 3 23 3 1 0 0 0 0 4 2 3 1 0 0 0 0 0 0 0 0 0 0 0 0 0 0 0 0 0 0 0 0 0 0 0 0 0 0 0 0 0 0 0 0 0 0 0 0 0 0 0 0 0 0 1 1 2 2 0 0 0 0 0 0 0 0 0 0 0 0 0 0 0 0 0 0 0 0 0 0 0 0 0 0 1 2 2 3 6 31 0 0 48 12 5 6 0 0 1 1 0 0 3 2 0 0 0 0 1 2 13 10 1 2 0 0 0 0 0 0 0 0 0 0 2 2 1 1 1 2 0 0 0 0 0 0 0 0 0 0 0 0 0 0 0 0 0 0 
255 191 1 190 0 0 10 180 0 0 0 0 3 7 30 150 0 0 0 0 0 0 0 0 2 1 3 4 17 13 96 54 0 0 0 0 0 0 0 0 0 0 0 0 0 0 0 0 1 1 0 0 2 1 2 2 16 1 11 2 50 46 36 18 0 0 0 0 0 0 0 0 0 0 0 0 0 0 0 0 0 0 0 0 0 0 0 0 0 0 0 0 0 0 0 0 0 0 0 0 0 0 0 0 1 1 0 0 1 1 1 1 4 12 0 0 1 10 1 1 8 42 36 10 22 14 5 13 0 0 0 0 0 0 0 0 0 0 0 0 0 0 0 0 0 0 0 0 0 0 0 0 0 0 0 0 0 0 0 0 0 0 0 0 0 0 0 0 0 0 0 0 0 0 0 0 0 0 0 0 0 0 0 0 0 0 0 0 0 0 0 0 0 0 0 0 0 0 0 0 0 0 0 0 0 0 0 0 0 0 0 0 0 0 0 0 0 0 0 0 0 0 0 0 3 1 6 6 0 0 0 0 0 0 4 6 0 0 0 0 7 1 1 41 25 11 9 1 2 20 9 5 4 1 11 2 
255 191 185 6 4 181 2 4 1 3 3 178 1 1 2 2 0 0 2 1 1 2 134 44 0 0 0 0 1 1 1 1 0 0 0 0 1 1 0 0 0 0 1 1 75 59 13 31 0 0 0 0 0 0 0 0 0 0 0 0 0 0 0 0 0 0 0 0 0 0 0 0 0 0 0 0 0 0 0 0 0 0 0 0 0 0 0 0 71 4 7 52 12 1 24 7 0 0 0 0 0 0 0 0 0 0 0 0 0 0 0 0 0 0 0 0 0 0 0 0 0 0 0 0 0 0 0 0 0 0 0 0 0 0 0 0 0 0 0 0 0 0 0 0 0 0 0 0 0 0 0 0 0 0 0 0 0 0 0 0 0 0 0 0 0 0 0 0 0 0 0 0 0 0 0 0 13 58 3 1 1 6 7 45 5 7 0 0 12 12 4 3 0 0 0 0 0 0 0 0 0 0 0 0 0 0 0 0 0 0 0 0 0 0 0 0 0 0 0 0 0 0 0 0 0 0 0 0 0 0 0 0 0 0 0 0 0 0 0 0 0 0 0 0 0 0 0 0 0 0 0 0 0 0 0 0 
255 191 90 101 44 46 61 40 43 1 33 13 54 7 10 30 30 13 0 0 20 13 10 3 35 19 5 2 4 6 8 22 25 5 6 7 0 0 0 0 10 10 11 2 2 8 1 2 11 24 10 9 1 4 1 1 1 3 1 5 3 5 20 2 12 13 1 4 3 3 5 2 0 0 0 0 0 0 0 0 1 9 6 4 9 2 1 1 1 1 7 1 0 0 1 1 7 4 11 13 6 4 6 3 0 0 1 3 0 0 0 0 0 0 1 2 0 0 4 1 1 2 2 3 6 14 1 1 1 11 2 11 0 0 1 3 2 1 2 1 2 3 1 1 0 0 0 0 0 0 0 0 0 0 0 0 0 0 0 0 0 0 3 6 1 5 2 2 3 6 1 1 0 0 0 0 0 0 0 0 1 6 0 0 0 0 0 0 0 0 0 0 6 1 1 3 2 9 3 10 3 3 1 3 2 4 2 1 0 0 0 0 0 0 1 2 0 0 0 0 0 0 0 0 0 0 0 0 0 0 1 1 0 0 0 0 2 2 0 0 0 0 1 1 1 1 2 1 1 5 4 10 0 0 0 0 
255 191 114 77 41 73 17 60 12 29 2 71 3 14 10 50 6 6 1 28 1 2 11 60 2 1 2 12 5 5 43 7 3 3 2 4 0 0 19 9 0 0 1 2 1 10 57 3 1 1 0 0 1 1 11 1 2 3 3 2 2 41 4 3 1 2 2 1 1 2 3 1 0 0 0 0 16 3 8 1 0 0 0 0 0 0 1 2 0 0 8 2 16 41 2 1 0 0 0 0 0 0 0 0 0 0 0 0 4 7 0 0 1 1 1 2 2 1 1 1 1 1 14 27 2 2 2 1 0 0 1 1 1 1 0 0 0 0 1 2 2 1 0 0 0 0 0 0 0 0 0 0 12 4 1 2 2 6 0 0 0 0 0 0 0 0 0 0 0 0 0 0 0 0 1 1 0 0 0 0 3 5 1 1 6 10 32 9 1 2 0 0 0 0 0 0 0 0 0 0 0 0 0 0 0 0 0 0 0 0 0 0 0 0 0 0 1 3 1 6 0 0 0 0 0 0 0 0 0 0 1 1 1 1 0 0 0 0 0 0 0 0 0 0 9 5 19 8 1 1 1 1 1 1 0 0 
255 191 122 69 103 19 47 22 80 23 2 17 28 19 9 13 6 74 15 8 1 1 3 14 18 10 11 8 6 3 7 6 4 2 13 61 12 3 5 3 0 0 0 0 1 2 7 7 12 6 5 5 10 1 4 4 4 2 1 3 1 6 3 3 2 2 1 1 4 9 47 14 8 4 2 1 1 4 1 2 0 0 0 0 0 0 0 0 0 0 1 1 2 5 6 1 2 10 4 2 1 4 4 1 4 6 0 0 2 2 2 2 3 1 1 1 0 0 1 2 0 0 3 3 2 1 1 2 1 1 1 1 0 0 0 0 1 3 3 6 33 14 13 1 2 6 2 2 1 1 0 0 0 0 3 1 0 0 1 1 0 0 0 0 0 0 0 0 0 0 0 0 0 0 0 0 0 0 0 0 0 0 0 0 1 1 4 1 2 4 0 0 1 1 1 9 2 2 1 1 0 0 3 1 2 2 0 0 2 2 5 1 0 0 0 0 1 1 1 1 1 1 1 1 2 1 0 0 0 0 0 0 0 0 0 0 0 0 1 2 0 0 0 0 1 2 1 2 1 1 0 0 0 0 1 1 
255 191 92 99 65 27 1 98 29 36 15 12 0 0 47 51 12 17 2 34 1 14 2 10 0 0 0 0 40 7 13 38 4 8 13 4 1 1 30 4 0 0 1 13 1 1 9 1 0 0 0 0 0 0 0 0 14 26 3 4 3 10 34 4 1 3 2 6 7 6 1 3 0 0 0 0 14 16 2 2 0 0 0 0 0 0 3 10 0 0 0 0 6 3 0 0 0 0 0 0 0 0 0 0 0 0 0 0 0 0 0 0 13 1 10 16 1 2 1 3 1 2 1 9 24 10 2 2 0 0 2 1 1 1 1 5 5 2 2 4 0 0 2 1 0 0 0 0 0 0 0 0 6 8 1 15 1 1 1 1 0 0 0 0 0 0 0 0 0 0 0 0 1 2 2 8 0 0 0 0 0 0 0 0 5 1 1 2 0 0 0 0 0 0 0 0 0 0 0 0 0 0 0 0 0 0 0 0 0 0 0 0 0 0 0 0 0 0 0 0 0 0 0 0 10 3 0 0 5 5 11 5 0 0 1 1 0 0 1 2 0 0 1 1 0 0 8 1 20 4 9 1 1 1 1 1 
255 191 93 98 3 90 94 4 2 1 62 28 75 19 3 1 1 1 0 0 7 55 12 16 10 65 15 4 1 2 0 0 0 0 0 0 0 0 0 0 5 2 7 48 9 3 4 12 4 6 37 28 2 13 3 1 0 0 1 1 0 0 0 0 0 0 0 0 0 0 0 0 0 0 0 0 0 0 0 0 2 3 1 1 3 4 15 33 3 6 2 1 1 3 2 10 2 2 3 3 7 30 9 19 1 1 4 9 1 2 0 0 0 0 0 0 0 0 0 0 0 0 0 0 0 0 0 0 0 0 0 0 0 0 0 0 0 0 0 0 0 0 0 0 0 0 0 0 0 0 0 0 0 0 0 0 0 0 0 0 1 1 2 1 0 0 0 0 2 1 2 2 7 8 30 3 1 2 4 2 1 1 0 0 0 0 1 2 1 1 7 3 1 1 1 1 1 2 1 2 5 2 20 10 2 7 17 2 0 0 0 0 3 1 6 3 0 0 1 1 0 0 0 0 0 0 0 0 0 0 0 0 0 0 0 0 0 0 0 0 0 0 0 0 0 0 0 0 0 0 0 0 0 0 0 0 
255 191 99 92 90 9 91 1 76 14 6 3 17 74 0 0 51 25 8 6 3 3 1 2 3 14 1 73 0 0 0 0 28 23 15 10 5 3 2 4 2 1 1 2 0 0 1 1 2 1 1 13 0 0 52 21 0 0 0 0 0 0 0 0 11 17 9 14 11 4 2 8 4 1 1 2 1 1 2 2 1 2 0 0 0 0 1 1 0 0 0 0 0 0 0 0 1 1 0 0 0 0 7 6 0 0 0 0 34 18 15 6 0 0 0 0 0 0 0 0 0 0 0 0 0 0 0 0 9 2 13 4 7 2 8 6 1 10 3 1 1 1 3 5 1 3 0 0 0 0 1 1 0 0 0 0 1 1 1 1 0 0 1 1 0 0 0 0 0 0 0 0 0 0 0 0 0 0 0 0 0 0 0 0 0 0 0 0 0 0 0 0 0 0 0 0 0 0 0 0 0 0 0 0 1 6 3 3 0 0 0 0 0 0 0 0 28 6 5 13 4 11 5 1 0 0 0 0 0 0 0 0 0 0 0 0 0 0 0 0 0 0 0 0 0 0 0 0 0 0 0 0 0 0 0 0 
255 191 128 63 49 79 54 9 8 41 68 11 52 2 3 6 3 5 12 29 51 17 7 4 12 40 1 1 2 1 3 3 1 2 4 1 8 4 6 23 18 33 10 7 5 2 2 2 7 5 37 3 0 0 0 0 1 1 0 0 1 2 2 1 0 0 1 1 3 1 0 0 1 7 1 3 4 2 9 14 1 17 24 9 1 9 1 6 1 4 1 1 1 1 1 1 1 6 1 4 30 7 1 2 0 0 0 0 0 0 0 0 0 0 0 0 0 0 0 0 0 0 1 1 1 1 0 0 0 0 0 0 0 0 0 0 1 2 0 0 0 0 0 0 0 0 6 1 0 0 2 1 1 3 1 1 6 3 10 4 0 0 12 5 12 12 7 2 0 0 5 4 0 0 5 1 0 0 2 2 0 0 0 0 0 0 0 0 0 0 0 0 0 0 2 4 0 0 3 1 18 12 2 5 0 0 1 1 0 0 0 0 0 0 0 0 0 0 0 0 0 0 0 0 0 0 0 0 0 0 0 0 0 0 0 0 0 0 0 0 0 0 0 0 0 0 0 0 0 0 0 0 0 0 0 0 
255 191 127 64 71 56 58 6 49 22 44 12 34 24 5 1 14 35 6 16 34 10 10 2 30 4 16 8 3 2 0 0 13 1 3 32 5 1 7 9 16 18 8 2 1 9 1 1 3 27 3 1 6 10 6 2 2 1 1 1 0 0 0 0 9 4 0 0 1 2 2 30 1 4 0 0 4 3 6 3 1 15 17 1 5 3 1 1 0 0 2 7 0 0 0 0 2 1 11 16 2 1 0 0 5 1 5 5 4 2 1 1 1 1 0 0 0 0 0 0 0 0 0 0 0 0 0 0 5 4 1 3 0 0 0 0 0 0 1 1 1 1 26 4 0 0 3 1 0 0 0 0 3 1 1 2 2 4 1 2 0 0 7 8 1 16 0 0 2 3 1 2 0 0 0 0 0 0 0 0 1 1 4 3 0 0 0 0 0 0 0 0 1 1 0 0 5 6 14 2 1 1 0 0 0 0 0 0 2 3 0 0 2 3 4 1 2 2 1 1 0 0 0 0 0 0 0 0 0 0 0 0 0 0 0 0 0 0 0 0 0 0 0 0 0 0 0 0 0 0 0 0 0 0 0 0 
255 191 90 101 87 3 46 55 2 85 2 1 29 17 2 53 1 1 57 28 1 1 0 0 10 19 16 1 1 1 52 1 0 0 0 0 52 5 15 13 0 0 0 0 0 0 0 0 4 6 15 4 7 9 0 0 0 0 0 0 16 36 0 0 0 0 0 0 0 0 0 0 46 6 3 2 4 11 7 6 0 0 0 0 0 0 0 0 0 0 0 0 0 0 0 0 2 2 1 5 10 5 3 1 6 1 3 6 0 0 0 0 0 0 0 0 0 0 0 0 5 11 5 31 0 0 0 0 0 0 0 0 0 0 0 0 0 0 0 0 0 0 0 0 24 22 3 3 2 1 1 1 3 1 1 10 5 2 4 2 0 0 0 0 0 0 0 0 0 0 0 0 0 0 0 0 0 0 0 0 0 0 0 0 0 0 0 0 0 0 0 0 1 1 1 1 0 0 2 3 9 1 1 4 1 2 0 0 3 3 0 0 2 1 2 4 0 0 0 0 0 0 0 0 0 0 0 0 0 0 0 0 0 0 0 0 0 0 0 0 1 4 1 10 2 3 18 13 0 0 0 0 0 0 0 0 
255 191 89 102 41 48 90 12 25 16 29 19 16 74 9 3 15 10 12 4 5 24 2 17 12 4 68 6 8 1 2 1 6 9 6 4 8 4 1 3 1 4 7 17 1 1 4 13 3 9 3 1 31 37 5 1 3 5 0 0 1 1 0 0 1 5 1 8 1 5 2 2 4 4 3 1 0 0 2 1 0 0 3 1 5 2 4 13 0 0 0 0 1 3 12 1 1 2 4 5 1 2 0 0 11 20 14 23 3 2 0 0 2 1 1 4 0 0 0 0 0 0 0 0 0 0 0 0 0 0 1 4 0 0 5 3 0 0 2 3 1 2 1 1 3 1 2 2 2 1 0 0 0 0 0 0 1 1 0 0 0 0 0 0 2 1 0 0 2 3 1 1 3 1 5 8 0 0 0 0 0 0 0 0 0 0 2 1 4 8 0 0 0 0 1 1 3 1 2 3 0 0 1 1 0 0 0 0 7 4 5 15 11 3 15 8 2 1 1 1 0 0 0 0 1 1 0 0 0 0 3 1 0 0 0 0 0 0 0 0 0 0 0 0 0 0 0 0 0 0 0 0 0 0 0 0 
255 191 48 143 11 37 94 49 10 1 17 20 1 93 11 38 1 9 0 0 12 5 12 8 0 0 87 6 4 7 22 16 0 0 3 6 0 0 0 0 1 11 2 3 8 4 1 7 0 0 0 0 30 57 1 5 3 1 2 5 11 11 13 3 0 0 0 0 1 2 1 5 0 0 0 0 0 0 0 0 0 0 6 5 1 1 2 1 3 5 2 2 0 0 1 6 0 0 0 0 0 0 0 0 26 4 3 54 0 0 3 2 2 1 0 0 1 1 3 2 8 3 1 10 9 4 1 2 0 0 0 0 0 0 0 0 0 0 1 1 0 0 3 2 0 0 0 0 0 0 0 0 0 0 0 0 0 0 0 0 0 0 0 0 1 5 1 4 0 0 0 0 1 1 0 0 2 1 2 3 1 1 1 1 0 0 0 0 0 0 3 3 0 0 0 0 0 0 0 0 0 0 0 0 0 0 0 0 1 25 3 1 2 1 14 40 0 0 0 0 2 1 1 1 1 1 0 0 0 0 0 0 0 0 0 0 1 2 1 1 1 7 1 2 0 0 7 3 2 7 3 1 0 0 1 1 
