100
255 748 535 213 473 62 195 18 216 257 2 60 6 189 13 5 10 206 233 24 1 1 55 5 0 0 115 74 0 0 4 1 3 7 92 114 179 54 12 12 0 0 0 0 37 18 0 0 0 0 0 0 80 35 18 56 0 0 0 0 1 3 0 0 0 0 0 0 80 12 83 31 166 13 26 28 8 4 9 3 0 0 0 0 0 0 0 0 11 26 12 6 0 0 0 0 0 0 0 0 0 0 0 0 17 63 6 29 3 15 28 28 0 0 0 0 0 0 0 0 0 0 0 0 0 0 0 0 0 0 0 0 0 0 0 0 14 66 3 9 59 24 13 18 62 104 8 5 24 2 12 16 5 3 0 0 5 4 1 2 0 0 0 0 0 0 0 0 0 0 0 0 0 0 0 0 4 7 14 12 0 0 0 0 0 0 0 0 0 0 0 0 0 0 0 0 0 0 0 0 0 0 0 0 0 0 0 0 12 5 30 33 2 4 24 5 0 0 8 7 10 18 13 15 0 0 0 0 0 0 0 0 0 0 0 0 0 0 0 0 0 0 0 0 0 0 0 0 0 0 0 0 0 0 0 0 
255 748 27 721 9 18 620 101 7 2 17 1 502 118 59 42 3 4 0 0 10 7 0 0 327 175 57 61 21 38 30 12 0 0 0 0 0 0 0 0 0 0 1 6 0 0 0 0 299 28 63 112 36 21 44 17 8 13 3 35 15 15 6 6 0 0 0 0 0 0 0 0 0 0 0 0 0 0 0 0 0 0 0 0 0 0 0 0 0 0 0 0 0 0 0 0 159 140 3 25 14 49 56 56 13 23 14 7 25 19 8 9 5 3 5 8 0 0 13 22 3 12 2 13 0 0 0 0 0 0 0 0 0 0 0 0 0 0 0 0 0 0 0 0 0 0 0 0 0 0 0 0 0 0 0 0 0 0 0 0 0 0 0 0 0 0 0 0 0 0 0 0 0 0 0 0 0 0 0 0 0 0 0 0 0 0 0 0 0 0 0 0 56 103 115 25 0 0 12 13 9 5 13 36 47 9 33 23 5 8 6 17 7 7 3 4 20 5 7 12 4 4 1 8 0 0 0 0 0 0 2 6 0 0 0 0 0 0 0 0 2 1 0 0 0 0 2 11 0 0 0 0 0 0 0 0 
255 748 113 635 59 54 491 144 47 12 34 20 43 448 10 134 25 22 10 2 19 15 16 4 10 33 390 58 6 4 17 117 10 15 12 10 0 0 0 0 13 6 10 5 13 3 0 0 5 5 12 21 301 89 52 6 4 2 0 0 13 4 91 26 2 8 13 2 7 5 4 6 0 0 0 0 0 0 0 0 0 0 0 0 3 7 0 0 9 4 1 2 0 0 0 0 0 0 2 3 7 5 14 7 284 17 82 7 19 33 0 0 1 3 0 0 0 0 0 0 5 8 2 2 67 24 13 13 0 0 4 4 0 0 0 0 3 4 3 2 3 1 0 0 0 0 0 0 0 0 0 0 0 0 0 0 0 0 0 0 0 0 0 0 0 0 0 0 2 1 5 2 0 0 0 0 0 0 3 1 0 0 0 0 0 0 0 0 0 0 0 0 0 0 0 0 0 0 0 0 0 0 0 5 9 5 0 0 43 241 2 15 65 17 2 5 12 7 7 26 0 0 0 0 0 0 0 3 0 0 0 0 0 0 0 0 0 0 0 0 0 0 0 0 0 0 0 0 8 59 11 13 3 10 4 9 
255 748 515 233 152 363 107 126 93 59 271 92 18 89 73 53 49 44 3 56 257 14 68 24 3 15 36 53 43 30 18 35 16 33 41 3 0 0 48 8 197 60 8 6 31 37 20 4 0 0 8 7 3 33 42 11 25 18 20 10 4 14 13 22 0 0 16 17 1 40 0 0 0 0 0 0 29 19 4 4 124 73 4 56 6 2 3 3 23 8 35 2 10 10 0 0 0 0 0 0 3 5 1 6 0 0 17 16 31 11 2 9 14 11 8 10 1 19 8 2 0 0 3 11 4 9 9 13 0 0 0 0 12 4 2 15 0 0 10 30 0 0 0 0 0 0 0 0 0 0 0 0 14 15 13 6 0 0 2 2 3 121 14 59 0 0 47 9 1 5 0 0 1 2 0 0 8 15 6 2 33 2 0 0 4 6 7 3 0 0 0 0 0 0 0 0 0 0 0 0 0 0 0 0 0 0 0 0 0 0 0 0 14 3 10 6 20 11 0 0 0 0 8 1 7 7 6 5 6 2 0 0 0 0 17 2 0 0 0 0 0 0 0 0 0 0 1 10 0 0 3 6 0 0 0 0 
255 748 509 239 260 249 111 128 54 206 230 19 32 79 84 44 48 6 162 44 64 166 9 10 25 7 56 23 52 32 26 18 43 5 2 4 56 106 30 14 58 6 130 36 6 3 0 0 14 11 1 6 9 47 11 12 38 14 2 30 13 13 5 13 27 16 0 0 0 0 0 0 7 49 66 40 16 14 8 6 18 40 0 0 127 3 33 3 4 2 0 0 0 0 0 0 10 4 0 0 0 0 4 2 7 2 33 14 5 6 9 3 4 34 5 9 0 0 27 3 10 3 5 8 4 1 7 6 20 7 10 6 0 0 0 0 0 0 0 0 0 0 0 0 0 0 23 26 41 25 38 2 10 6 11 3 0 0 2 4 9 9 7 33 0 0 0 0 33 94 0 0 2 31 0 0 0 0 0 0 0 0 0 0 0 0 0 0 0 0 0 0 0 0 0 0 0 0 0 0 0 0 0 0 0 0 0 0 0 0 1 1 17 16 4 10 4 1 4 2 3 6 0 0 0 0 31 3 0 0 3 6 0 0 0 0 5 22 0 0 6 4 0 0 0 0 1 7 0 0 0 0 5 2 3 3 
255 748 424 324 329 95 195 129 139 190 35 60 56 139 74 55 85 54 6 184 19 16 52 8 3 53 88 51 53 21 42 13 22 63 19 35 0 0 74 110 10 9 5 11 43 9 0 0 1 2 20 33 60 28 38 13 41 12 15 6 28 14 0 0 5 17 34 29 8 11 19 16 0 0 0 0 40 34 57 53 8 2 7 2 3 2 3 8 23 20 6 3 0 0 0 0 0 0 0 0 18 2 19 14 16 44 15 13 11 27 1 12 39 2 4 8 3 12 0 0 12 16 12 2 0 0 0 0 0 0 4 13 21 13 9 20 0 0 0 0 17 2 10 6 0 0 0 0 0 0 0 0 14 26 23 11 8 49 47 6 0 0 0 0 5 2 1 1 0 0 0 0 0 0 6 2 12 11 11 9 0 0 0 0 0 0 0 0 0 0 0 0 0 0 0 0 0 0 0 0 11 7 0 0 18 1 12 2 11 5 10 34 6 9 6 7 3 8 10 17 0 0 0 0 24 15 0 0 0 0 2 6 0 0 0 0 0 0 0 0 9 3 3 13 9 3 1 1 0 0 0 0 0 0 0 0 
255 748 426 322 346 80 70 252 260 86 39 41 24 46 167 85 176 84 10 76 9 30 7 34 21 3 12 34 143 24 31 54 73 103 8 76 1 9 58 18 2 7 26 4 1 6 8 26 11 10 0 0 3 9 31 3 121 22 14 10 25 6 45 9 55 18 102 1 5 3 22 54 0 0 0 0 53 5 12 6 0 0 0 0 14 12 0 0 0 0 2 4 5 3 7 19 5 6 0 0 0 0 0 0 0 0 5 4 29 2 0 3 11 110 10 12 0 0 0 0 8 17 0 0 40 5 3 6 30 25 11 7 94 8 0 0 0 0 0 0 17 5 49 5 0 0 0 0 0 0 0 0 3 50 1 4 1 11 5 1 0 0 0 0 0 0 0 0 6 8 2 10 0 0 0 0 0 0 0 0 0 0 0 0 0 0 0 0 0 0 12 7 0 0 0 0 0 0 0 0 0 0 0 0 0 0 0 0 0 0 0 0 0 0 2 2 11 18 1 1 0 0 0 3 5 6 64 46 0 0 4 8 0 0 0 0 0 0 0 0 4 4 12 5 0 0 0 0 14 26 1 4 0 0 0 0 
255 748 533 215 524 9 13 202 523 1 5 4 7 6 66 136 394 129 0 0 1 4 3 1 3 4 0 0 55 11 86 50 325 69 22 107 0 0 0 0 0 0 0 0 0 0 0 0 0 0 0 0 0 0 0 0 8 47 9 2 68 18 11 39 42 283 28 41 0 22 86 21 0 0 0 0 0 0 0 0 0 0 0 0 0 0 0 0 0 0 0 0 0 0 0 0 0 0 0 0 0 0 0 0 0 0 0 0 0 0 0 0 6 2 25 22 0 0 0 0 10 58 7 11 6 5 15 24 31 11 98 185 12 16 5 36 0 0 20 2 73 13 3 18 0 0 0 0 0 0 0 0 0 0 0 0 0 0 0 0 0 0 0 0 0 0 0 0 0 0 0 0 0 0 0 0 0 0 0 0 0 0 0 0 0 0 0 0 0 0 0 0 0 0 0 0 0 0 0 0 0 0 0 0 0 0 0 0 0 0 0 0 0 0 0 0 0 0 0 0 0 0 0 0 0 0 0 0 2 23 18 4 0 0 0 0 0 0 0 0 4 6 31 27 5 2 4 7 0 0 3 2 7 8 19 5 
255 748 374 374 97 277 243 131 66 31 118 159 117 126 42 89 7 59 29 2 38 80 8 151 87 30 65 61 26 16 77 12 1 6 47 12 14 15 0 0 9 29 27 53 4 4 74 77 74 13 19 11 45 20 45 16 7 19 6 10 42 35 7 5 0 0 0 0 22 25 7 5 4 10 4 11 0 0 0 0 3 6 27 2 12 15 4 49 2 2 1 3 29 45 15 62 19 55 8 5 14 5 10 1 35 10 19 1 21 24 6 10 4 3 9 10 0 0 7 3 33 9 24 11 1 6 0 0 0 0 0 0 0 0 0 0 18 4 24 1 0 0 3 2 0 0 0 0 0 0 5 6 0 0 0 0 0 0 0 0 1 2 2 4 2 25 1 1 3 9 4 11 0 0 36 13 0 0 1 1 0 0 0 0 6 23 22 23 12 3 29 33 11 8 34 21 2 6 0 0 12 2 0 0 4 6 0 0 26 9 0 0 7 12 0 0 15 6 20 4 0 0 5 5 0 0 0 0 4 5 6 4 0 0 0 0 0 0 0 0 28 5 0 0 13 11 7 4 0 0 5 1 0 0 0 0 
255 748 533 215 86 447 83 132 32 54 23 424 49 34 101 31 29 3 28 26 13 10 270 154 34 15 3 31 50 51 17 14 5 24 0 0 10 18 2 24 6 7 9 1 263 7 112 42 4 30 9 6 0 0 1 30 33 17 33 18 8 9 6 8 0 0 14 10 0 0 0 0 6 4 4 14 0 0 19 5 5 1 2 5 5 4 0 0 113 150 5 2 64 48 15 27 0 0 7 23 0 0 0 0 0 0 0 0 0 0 6 24 13 20 7 10 10 23 11 7 5 3 2 7 1 5 0 0 0 0 0 0 2 12 8 2 0 0 0 0 0 0 0 0 5 1 0 0 1 3 7 7 0 0 0 0 13 6 0 0 1 4 0 0 0 0 2 3 4 1 2 2 0 0 0 0 11 102 128 22 1 4 0 0 26 38 26 22 8 7 3 24 0 0 0 0 1 6 15 8 0 0 0 0 0 0 0 0 0 0 0 0 0 0 0 0 0 0 0 0 3 3 13 11 0 0 17 3 0 0 1 9 0 0 5 18 10 1 4 3 0 0 0 0 0 0 0 0 0 0 0 5 0 0 0 0 
255 748 33 715 15 18 46 669 3 12 6 12 45 1 454 215 0 0 2 10 4 2 3 9 7 38 0 0 396 58 67 148 0 0 0 0 0 0 0 0 3 1 0 0 0 0 0 0 2 5 17 21 0 0 0 0 227 169 15 43 52 15 84 64 0 0 0 0 0 0 0 0 0 0 0 0 0 0 0 0 0 0 0 0 0 0 0 0 0 0 0 0 0 0 0 0 0 0 4 1 8 9 3 18 0 0 0 0 0 0 0 0 200 27 125 44 7 8 14 29 25 27 4 11 19 65 17 47 0 0 0 0 0 0 0 0 0 0 0 0 0 0 0 0 0 0 0 0 0 0 0 0 0 0 0 0 0 0 0 0 0 0 0 0 0 0 0 0 0 0 0 0 0 0 0 0 0 0 0 0 0 0 0 0 0 0 0 0 0 0 0 0 0 0 0 0 0 0 0 0 5 3 4 5 2 1 2 16 0 0 0 0 0 0 0 0 0 0 0 0 0 0 0 0 50 150 14 13 102 23 35 9 0 0 0 8 8 6 20 9 5 20 16 11 0 0 7 4 10 9 43 22 12 5 42 5 
255 748 542 206 331 211 121 85 29 302 147 64 12 109 70 15 4 25 8 294 18 129 51 13 0 0 45 64 52 18 9 6 1 3 15 10 0 0 292 2 10 8 32 97 45 6 12 1 0 0 0 0 16 29 37 27 12 40 2 16 6 3 0 0 0 0 0 0 13 2 2 8 0 0 0 0 286 6 0 0 0 0 6 2 2 30 37 60 9 36 0 0 0 0 0 0 0 0 0 0 0 0 0 0 0 0 8 21 32 5 13 14 4 8 5 35 1 1 7 9 0 0 0 0 0 0 0 0 0 0 0 0 0 0 0 0 0 0 1 1 0 0 0 0 0 0 0 0 0 0 0 0 279 7 0 0 0 0 0 0 0 0 0 0 0 0 0 0 0 0 4 26 21 16 47 13 8 1 23 13 0 0 0 0 0 0 0 0 0 0 0 0 0 0 0 0 0 0 0 0 0 0 0 0 0 0 0 0 0 0 0 0 0 0 18 3 27 5 0 0 9 4 8 6 0 0 0 0 1 4 34 1 0 0 0 0 0 0 7 2 0 0 0 0 0 0 0 0 0 0 0 0 0 0 0 0 
255 748 130 618 109 21 418 200 13 96 19 2 416 2 87 113 2 11 48 48 0 0 0 2 389 27 0 0 44 43 88 25 0 0 6 5 19 29 27 21 0 0 0 0 0 0 1 1 94 295 16 11 0 0 0 0 33 11 18 25 18 70 11 14 0 0 0 0 2 4 4 1 15 4 12 17 24 3 12 9 0 0 0 0 0 0 0 0 0 0 0 0 0 0 0 0 74 20 210 85 9 7 8 3 0 0 0 0 0 0 0 0 12 21 5 6 17 1 11 14 4 14 32 38 3 8 9 5 0 0 0 0 0 0 0 0 0 0 0 0 0 0 0 0 2 13 1 3 7 5 14 3 21 3 0 3 0 0 0 0 0 0 0 0 0 0 0 0 0 0 0 0 0 0 0 0 0 0 0 0 0 0 0 0 0 0 0 0 0 0 0 0 35 39 13 7 143 67 24 61 8 1 3 4 1 7 1 2 0 0 0 0 0 0 0 0 0 0 0 0 0 0 0 0 3 9 15 6 0 0 3 3 9 8 0 0 6 5 10 4 1 3 5 9 15 17 17 21 0 0 0 0 0 0 0 0 
255 748 204 544 138 66 150 394 7 131 16 50 120 30 142 252 4 3 36 95 8 8 18 32 78 42 12 18 94 48 28 224 3 1 0 0 24 12 26 69 6 2 2 6 15 3 2 30 38 40 40 2 9 3 13 5 40 54 36 12 20 8 20 204 0 0 0 0 0 0 0 0 8 16 11 1 4 22 62 7 0 0 0 0 0 0 1 5 10 5 1 2 0 0 17 13 12 26 35 5 35 5 0 0 0 0 0 3 2 11 0 0 30 10 53 1 9 27 9 3 8 12 0 0 9 11 17 187 0 0 0 0 0 0 0 0 0 0 0 0 0 0 0 0 4 4 4 12 0 0 0 0 0 0 13 9 11 51 3 4 0 0 0 0 0 0 0 0 0 0 0 0 0 0 1 4 1 9 0 0 0 0 0 0 0 0 0 0 12 5 6 7 3 9 12 14 25 10 0 0 19 16 2 3 0 0 0 0 0 0 0 0 0 0 2 1 0 0 0 0 0 0 0 0 18 12 0 0 12 41 0 0 0 0 7 20 6 3 0 0 6 2 3 9 0 0 0 0 0 0 0 0 8 9 8 179 
255 748 212 536 179 33 418 118 34 145 8 25 363 55 46 72 1 33 9 136 5 3 16 9 261 102 31 24 8 38 36 36 0 0 8 25 0 0 67 69 0 0 0 0 2 14 5 4 41 220 39 63 18 13 16 8 4 4 32 6 16 20 33 3 0 0 0 0 4 4 24 1 0 0 0 0 18 49 6 63 0 0 0 0 0 0 0 0 1 1 2 12 3 2 0 0 30 11 10 210 22 17 46 17 5 13 10 3 3 13 7 1 1 3 0 0 6 26 1 5 8 8 15 5 12 21 0 0 0 0 0 0 0 0 0 0 0 0 0 0 14 10 0 0 0 0 0 0 0 0 0 0 10 8 38 11 0 0 26 37 0 0 0 0 0 0 0 0 0 0 0 0 0 0 0 0 0 0 0 0 0 0 2 10 0 0 0 0 0 0 0 0 19 11 7 4 6 4 72 138 14 8 9 8 19 27 4 13 4 1 10 3 7 3 0 0 0 0 8 5 0 0 0 0 0 0 0 0 0 0 0 0 4 2 18 8 0 0 0 0 2 6 3 5 7 8 3 2 0 0 9 12 0 0 0 0 
255 748 547 201 501 46 19 182 497 4 26 20 13 6 71 111 464 33 0 0 13 13 3 17 0 0 5 1 27 44 66 45 370 94 5 28 0 0 0 0 11 2 0 0 0 0 2 15 0 0 0 0 0 0 0 0 22 5 29 15 11 55 39 6 293 77 52 42 1 4 19 9 0 0 0 0 0 0 0 0 0 0 0 0 0 0 0 0 0 0 0 0 0 0 0 0 0 0 0 0 0 0 0 0 0 0 0 0 0 0 0 0 14 8 0 0 13 16 6 9 9 2 16 39 18 21 0 0 79 214 9 68 36 16 11 31 0 0 3 1 12 7 2 7 0 0 0 0 0 0 0 0 0 0 0 0 0 0 0 0 0 0 0 0 0 0 0 0 0 0 0 0 0 0 0 0 0 0 0 0 0 0 0 0 0 0 0 0 0 0 0 0 0 0 0 0 0 0 0 0 0 0 0 0 0 0 0 0 0 0 0 0 0 0 0 0 0 0 0 0 0 0 0 0 3 11 5 3 0 0 0 0 7 6 2 14 3 3 2 7 0 0 0 0 7 9 27 12 0 0 17 4 0 0 0 0 
255 748 678 70 484 194 22 48 325 159 111 83 4 18 5 43 58 267 33 126 64 47 23 60 0 0 0 0 1 4 24 19 17 41 77 190 6 27 85 41 34 30 16 31 20 3 44 16 0 0 0 0 0 0 0 0 0 0 1 3 15 9 9 10 2 15 16 25 57 20 26 164 2 4 19 8 21 64 33 8 15 19 21 9 4 12 26 5 12 8 0 0 35 9 11 5 0 0 0 0 0 0 0 0 0 0 0 0 0 0 0 0 0 0 0 0 0 0 0 0 9 6 4 5 6 3 3 7 0 0 3 12 9 7 5 20 19 38 13 7 12 14 144 20 0 0 0 0 17 2 3 5 14 7 54 10 25 8 5 3 9 6 9 10 5 16 0 0 0 0 5 7 21 5 0 0 1 11 0 0 0 0 0 0 11 24 0 0 0 0 0 0 0 0 0 0 0 0 0 0 0 0 0 0 0 0 0 0 0 0 0 0 0 0 0 0 0 0 0 0 0 0 0 0 0 0 0 0 0 0 0 0 0 0 0 0 0 0 0 0 1 8 0 0 0 0 2 3 3 3 0 0 0 0 5 2 
255 748 521 227 118 403 150 77 65 53 337 66 83 67 71 6 29 36 16 37 322 15 42 24 47 36 36 31 65 6 5 1 9 20 18 18 10 6 12 25 311 11 7 8 15 27 7 17 25 22 1 35 18 18 3 28 39 26 0 0 0 0 0 0 7 2 7 13 3 15 5 13 0 0 2 4 9 3 14 11 13 298 7 4 3 4 3 5 4 11 23 4 5 2 3 14 13 12 2 20 0 0 3 32 7 11 5 13 2 1 17 11 18 21 13 13 0 0 0 0 0 0 0 0 0 0 0 0 0 0 1 1 2 5 7 6 0 0 12 3 0 0 0 0 0 0 0 0 1 1 0 0 0 0 0 0 7 7 6 5 8 5 222 76 2 5 1 3 0 0 0 0 0 0 0 0 2 2 0 0 21 2 1 3 0 0 0 0 2 1 10 4 3 10 4 8 0 0 11 9 0 0 0 0 0 0 13 19 4 3 7 4 1 4 5 8 0 0 0 0 14 3 1 10 0 0 15 6 0 0 3 10 0 0 0 0 0 0 0 0 0 0 0 0 0 0 0 0 0 0 0 0 0 0 0 0 
255 748 597 151 409 188 104 47 25 384 111 77 53 51 35 12 9 16 245 139 7 104 10 67 13 40 6 45 8 27 0 0 6 3 6 10 121 124 116 23 6 1 15 89 0 0 46 21 5 8 31 9 0 0 36 9 7 1 14 13 0 0 0 0 0 0 0 0 4 2 9 1 26 95 108 16 38 78 4 19 2 4 0 0 12 3 4 85 0 0 0 0 19 27 17 4 0 0 7 1 25 6 3 6 0 0 0 0 27 9 1 8 0 0 0 0 1 13 0 0 0 0 0 0 0 0 0 0 0 0 0 0 0 0 0 0 3 1 0 0 3 6 0 0 12 14 53 42 35 73 14 2 24 14 32 46 0 0 17 2 0 0 0 0 0 0 0 0 2 10 0 0 0 0 8 77 0 0 0 0 0 0 0 0 0 0 8 19 8 9 0 0 0 0 0 0 2 5 0 0 6 19 0 0 0 0 0 0 0 0 0 0 0 0 0 0 18 9 0 0 0 0 0 0 0 0 0 0 0 0 0 0 0 0 12 1 0 0 0 0 0 0 0 0 0 0 0 0 0 0 0 0 0 0 0 0 
255 748 450 298 427 23 149 149 165 262 13 10 125 24 72 77 142 23 27 235 10 3 5 5 102 23 6 18 29 43 24 53 120 22 15 8 12 15 160 75 0 0 1 2 0 0 0 0 73 29 3 20 0 0 16 2 20 9 17 26 12 12 49 4 45 75 11 11 10 5 0 0 1 11 7 8 25 135 30 45 0 0 0 0 0 0 0 0 0 0 0 0 0 0 0 0 2 71 11 18 0 0 2 18 0 0 0 0 6 10 0 0 10 10 4 5 2 15 9 17 8 4 8 4 39 10 3 1 4 41 63 12 4 7 7 4 6 4 0 0 0 0 0 0 0 0 7 4 2 5 3 5 13 12 98 37 13 17 44 1 0 0 0 0 0 0 0 0 0 0 0 0 0 0 0 0 0 0 0 0 0 0 0 0 0 0 0 0 0 0 0 0 0 0 58 13 0 0 12 6 0 0 0 0 0 0 16 2 0 0 0 0 0 0 0 0 4 2 0 0 0 0 0 0 1 9 4 6 0 0 0 0 0 0 0 0 2 7 8 9 0 0 0 0 5 3 3 1 21 18 1 9 0 0 0 0 
255 748 730 18 71 659 10 8 33 38 239 420 4 6 1 7 14 19 18 20 217 22 281 139 3 1 3 3 0 0 0 0 10 4 11 8 5 13 8 12 78 139 12 10 15 266 72 67 0 0 0 0 0 0 0 0 0 0 0 0 0 0 0 0 3 7 1 3 4 7 0 0 0 0 3 10 0 0 0 0 39 39 111 28 6 6 0 0 0 0 208 58 34 38 36 31 0 0 0 0 0 0 0 0 0 0 0 0 0 0 0 0 0 0 0 0 0 0 0 0 0 0 0 0 0 0 0 0 0 0 0 0 0 0 0 0 0 0 4 3 0 0 0 0 0 0 0 0 2 1 1 9 0 0 0 0 0 0 0 0 27 12 16 23 91 20 21 7 0 0 0 0 0 0 0 0 0 0 0 0 119 89 16 42 8 26 30 8 15 21 25 6 0 0 0 0 0 0 0 0 0 0 0 0 0 0 0 0 0 0 0 0 0 0 0 0 0 0 0 0 0 0 0 0 0 0 0 0 0 0 0 0 0 0 0 0 0 0 0 0 0 0 0 0 0 0 0 0 0 0 0 0 0 0 0 0 
255 748 426 322 266 160 304 18 217 49 61 99 162 142 16 2 191 26 15 34 35 26 62 37 101 61 59 83 0 0 0 0 15 176 14 12 4 11 24 10 33 2 10 16 51 11 20 17 9 92 10 51 8 51 30 53 0 0 0 0 0 0 0 0 7 8 36 140 12 2 10 2 0 0 2 9 16 8 4 6 13 20 0 0 6 4 5 11 44 7 3 8 12 8 15 2 0 0 84 8 0 0 15 36 0 0 11 40 13 17 10 43 0 0 0 0 0 0 0 0 0 0 0 0 0 0 0 0 1 6 0 0 20 16 54 86 0 0 0 0 6 4 0 0 0 0 0 0 0 0 7 2 10 6 0 0 0 0 0 0 0 0 17 3 0 0 0 0 0 0 3 1 4 1 0 0 31 13 1 6 0 0 5 3 9 3 4 4 14 1 0 0 0 0 0 0 71 13 3 5 0 0 0 0 6 9 28 8 0 0 0 0 2 9 10 30 8 5 7 10 1 9 7 36 0 0 0 0 0 0 0 0 0 0 0 0 0 0 0 0 0 0 0 0 0 0 0 0 0 0 0 0 0 0 0 0 
255 748 653 95 126 527 54 41 42 84 143 384 43 11 11 30 15 27 56 28 56 87 245 139 16 27 2 9 9 2 26 4 7 8 7 20 15 41 16 12 4 52 34 53 242 3 20 119 8 8 24 3 0 0 0 0 0 0 0 0 3 23 2 2 0 0 0 0 4 3 11 9 4 11 9 32 11 5 2 10 0 0 18 34 22 12 27 26 163 79 0 0 3 17 46 73 2 6 0 0 2 22 2 1 0 0 0 0 0 0 0 0 0 0 0 0 0 0 0 0 2 1 2 21 0 0 0 0 0 0 0 0 0 0 0 0 0 0 0 0 7 4 7 2 0 0 2 9 0 9 21 11 0 0 0 0 1 1 4 6 0 0 0 0 12 6 13 21 19 3 8 4 11 16 8 18 154 9 56 23 0 0 0 0 0 0 13 4 8 38 31 42 0 0 0 0 0 0 0 0 0 0 9 13 0 0 0 0 0 0 0 0 0 0 0 0 0 0 0 0 0 0 0 0 0 0 0 0 0 0 0 0 0 0 0 0 0 0 0 0 0 0 0 0 0 0 6 15 0 0 0 0 0 0 0 0 
255 748 554 194 167 387 62 132 102 65 279 108 56 6 46 86 48 54 49 16 128 151 3 105 16 40 4 2 32 14 83 3 34 14 51 3 21 28 6 10 124 4 133 18 0 0 101 4 10 6 11 29 0 0 0 0 11 21 8 6 65 18 0 0 16 18 6 8 43 8 0 0 8 13 11 17 5 1 2 8 102 22 0 0 46 87 12 6 0 0 0 0 87 14 1 3 4 6 0 0 4 7 14 15 0 0 0 0 0 0 0 0 6 5 14 7 6 2 0 0 20 45 7 11 0 0 0 0 8 8 13 5 5 1 1 7 39 4 4 4 0 0 0 0 4 4 11 2 5 6 10 7 2 3 0 0 0 0 0 0 88 14 14 8 0 0 0 0 24 22 17 70 9 3 0 0 0 0 0 0 0 0 0 0 72 15 4 10 0 0 1 2 0 0 0 0 0 0 0 0 0 0 1 6 10 4 5 10 0 0 0 0 0 0 0 0 0 0 0 0 0 0 0 0 0 0 2 3 4 10 0 0 0 0 0 0 0 0 0 0 17 3 33 12 6 1 5 6 0 0 0 0 0 0 0 0 
255 748 84 664 23 61 317 347 18 5 11 50 196 121 228 119 12 6 0 0 2 9 21 29 68 128 46 75 124 104 13 106 10 2 0 0 0 0 0 0 1 1 1 8 5 16 20 9 28 40 125 3 7 39 51 24 42 82 22 82 1 12 91 15 0 0 0 0 0 0 0 0 0 0 0 0 0 0 0 0 0 0 0 0 0 0 6 2 0 0 7 9 8 12 7 2 12 16 26 14 34 91 0 3 0 0 26 13 48 3 16 8 28 14 72 10 12 10 40 42 0 0 8 4 63 28 10 5 0 0 0 0 0 0 0 0 0 0 0 0 0 0 0 0 0 0 0 0 0 0 0 0 0 0 0 0 0 0 0 0 0 0 0 0 0 0 0 0 0 0 0 0 0 0 0 0 0 0 0 0 4 3 7 2 0 0 3 9 2 5 0 0 10 2 1 15 16 10 4 10 19 15 72 19 0 0 2 1 0 0 0 0 16 10 0 0 42 6 0 0 0 0 4 4 21 7 8 6 27 45 7 3 5 7 5 5 7 33 19 23 0 0 0 0 3 5 2 2 52 11 15 13 8 2 0 0 
255 748 343 405 254 89 156 249 232 22 80 9 121 35 34 215 138 94 14 8 50 30 6 3 73 48 16 19 31 3 3 212 93 45 36 58 1 13 0 0 8 42 27 3 0 0 0 0 29 44 28 20 10 6 8 11 19 12 0 0 0 0 15 197 62 31 8 37 8 28 54 4 0 0 9 4 0 0 0 0 5 3 8 34 3 24 0 0 0 0 0 0 0 0 0 0 26 3 30 14 21 7 13 7 0 0 0 0 4 4 5 6 12 7 7 5 0 0 0 0 0 0 0 0 12 3 195 2 25 37 23 8 6 2 25 12 4 4 14 14 37 17 1 3 0 0 0 0 6 3 0 0 0 0 0 0 0 0 0 0 1 4 0 0 5 3 8 26 2 1 9 15 0 0 0 0 0 0 0 0 0 0 0 0 0 0 0 0 0 0 0 0 20 6 0 0 7 23 7 7 10 11 0 0 5 8 6 1 0 0 0 0 0 0 0 0 0 0 0 0 0 0 4 2 5 7 1 6 6 1 2 3 0 0 0 0 0 0 0 0 0 0 0 0 0 0 0 0 9 3 0 0 118 77 0 0 
255 748 533 215 395 138 155 60 360 35 101 37 66 89 29 31 118 242 18 17 19 82 10 27 10 56 39 50 21 8 6 25 104 14 114 128 15 3 8 9 13 6 69 13 3 7 16 11 3 7 47 9 24 15 28 22 14 7 2 6 0 0 15 10 33 71 7 7 98 16 127 1 10 5 0 0 5 3 0 0 10 3 0 0 58 11 6 7 0 0 3 4 0 0 6 5 0 0 5 2 20 27 4 5 8 16 6 9 16 12 12 10 6 8 3 4 0 0 1 5 0 0 0 0 13 2 4 6 14 19 50 21 0 0 0 0 42 56 11 5 123 4 0 0 2 8 0 0 0 0 0 0 2 3 1 2 0 0 0 0 0 0 0 0 0 0 0 0 48 10 2 9 0 0 0 0 0 0 0 0 0 0 0 0 0 0 0 0 0 0 0 0 0 0 0 0 0 0 1 1 14 6 9 18 2 2 0 0 0 0 9 7 3 3 7 2 12 4 4 8 8 4 7 3 0 0 0 0 0 0 0 0 0 0 0 0 0 0 0 0 0 0 0 0 0 0 0 0 0 0 0 0 0 0 3 3 
255 748 337 411 212 125 88 323 177 35 85 40 60 28 159 164 161 16 8 27 11 74 25 15 53 7 6 22 69 90 153 11 95 66 6 10 3 5 9 18 5 6 7 67 15 10 13 2 35 18 6 1 2 4 7 15 31 38 34 56 26 127 0 0 15 80 34 32 4 2 2 8 0 0 0 0 3 6 10 8 3 2 1 5 0 0 56 11 8 7 0 0 0 0 0 0 20 15 0 0 0 0 0 0 0 0 0 0 3 4 7 8 23 8 20 18 17 17 42 14 5 21 72 55 0 0 0 0 11 4 15 65 8 26 15 17 0 0 1 1 1 1 0 0 0 0 0 0 0 0 0 0 0 0 4 2 5 5 5 3 0 0 1 1 0 0 1 4 0 0 0 0 34 22 0 0 5 3 4 3 0 0 0 0 0 0 0 0 0 0 0 0 11 9 10 5 0 0 0 0 0 0 0 0 0 0 0 0 0 0 0 0 0 0 0 0 0 0 2 2 4 3 0 0 17 6 1 7 11 9 12 6 10 7 5 12 33 9 4 10 0 0 13 8 27 45 12 43 0 0 0 0 0 0 0 0 
255 748 134 614 102 32 291 323 77 25 27 5 30 261 257 66 24 53 12 13 13 14 0 0 10 20 7 254 60 197 46 20 9 15 41 12 0 0 5 8 6 7 4 10 0 0 0 0 3 7 17 3 0 0 214 40 10 50 110 87 21 25 5 15 6 3 8 7 11 30 1 11 0 0 0 0 0 0 0 0 4 2 1 6 0 0 4 6 0 0 0 0 0 0 0 0 0 0 6 1 14 3 0 0 0 0 0 0 125 89 18 22 1 9 26 24 103 7 57 30 15 6 7 18 0 0 8 7 1 5 0 0 4 4 1 6 3 8 10 20 0 0 0 0 0 0 0 0 0 0 0 0 0 0 0 0 0 0 0 0 0 0 1 1 0 0 0 6 0 0 0 0 0 0 0 0 0 0 0 0 0 0 0 0 0 0 0 0 0 0 0 0 0 0 0 0 4 2 0 0 0 0 2 1 0 0 0 0 0 0 0 0 0 0 0 0 122 3 68 21 7 11 11 11 0 0 4 5 5 21 7 17 46 57 5 2 41 16 21 9 3 12 0 0 0 0 12 6 0 0 0 0 2 6 0 0 
255 748 507 241 282 225 164 77 113 169 205 20 60 104 61 16 76 37 21 148 153 52 0 0 34 26 9 95 39 22 4 12 43 33 8 29 10 11 132 16 24 129 45 7 0 0 0 0 13 21 2 24 3 6 12 83 2 37 1 21 3 1 2 10 35 8 23 10 3 5 16 13 0 0 3 8 125 7 7 9 22 2 115 14 33 12 5 2 0 0 0 0 0 0 0 0 3 10 8 13 1 1 8 16 0 0 4 2 9 3 28 55 0 0 21 16 0 0 10 11 1 2 0 0 0 0 0 0 23 12 5 3 14 9 0 0 0 0 0 0 10 6 8 5 0 0 0 0 0 0 0 0 104 21 0 0 1 6 0 0 9 13 0 0 71 44 5 9 20 13 3 9 0 0 0 0 0 0 0 0 0 0 0 0 0 0 0 0 0 0 0 0 0 0 7 3 4 4 4 9 0 0 0 0 0 0 6 10 0 0 0 0 0 0 0 0 4 5 0 0 15 13 36 19 0 0 0 0 6 15 0 0 0 0 0 0 5 5 2 9 0 0 0 0 0 0 0 0 0 0 0 0 0 0 0 0 
255 748 423 325 263 160 172 153 2 261 128 32 152 20 55 98 0 0 45 216 28 100 13 19 122 30 13 7 17 38 73 25 0 0 0 0 40 5 171 45 20 8 75 25 3 10 1 18 17 105 4 26 11 2 1 6 11 6 13 25 69 4 22 3 0 0 0 0 0 0 0 0 24 16 0 0 66 105 14 31 1 19 4 4 10 65 23 2 0 0 5 5 0 0 0 0 7 10 80 25 0 0 7 19 10 1 0 0 0 0 0 0 6 5 2 4 8 5 16 9 31 38 3 1 15 7 2 1 0 0 0 0 0 0 0 0 0 0 0 0 0 0 0 0 21 3 9 7 0 0 0 0 8 58 43 62 12 2 5 26 0 0 4 15 3 1 0 0 7 3 22 43 18 5 0 0 0 0 0 0 0 0 0 0 0 0 0 0 0 0 0 0 0 0 4 6 59 21 10 15 0 0 0 0 6 1 9 10 0 0 0 0 0 0 0 0 0 0 0 0 0 0 0 0 0 0 3 2 1 1 0 0 0 0 2 3 14 2 6 3 10 21 17 21 0 0 0 0 0 0 0 0 0 0 0 0 
255 748 597 151 343 254 117 34 283 60 37 217 23 94 10 24 157 126 31 29 24 13 204 13 16 7 38 56 9 1 14 10 9 148 12 114 5 26 16 13 15 9 11 2 195 9 5 8 15 1 5 2 37 1 6 50 8 1 0 0 10 4 0 0 0 0 68 80 7 5 39 75 0 0 4 22 9 7 3 10 11 4 7 2 0 0 0 0 131 64 0 0 4 1 5 3 6 9 0 0 2 3 0 0 9 28 0 0 4 2 22 28 0 0 0 0 0 0 0 0 2 8 3 1 0 0 0 0 0 0 0 0 9 59 72 8 4 3 4 1 24 15 46 29 0 0 0 0 0 0 0 0 5 4 0 0 1 2 0 0 4 7 2 2 3 4 0 0 0 0 0 0 0 0 0 0 126 5 14 50 0 0 0 0 0 0 0 0 0 0 0 0 0 0 0 0 0 0 0 0 0 0 2 1 0 0 0 0 6 3 3 25 0 0 0 0 0 0 0 0 7 15 11 17 0 0 0 0 0 0 0 0 0 0 0 0 0 0 0 0 0 0 2 6 2 1 0 0 0 0 0 0 0 0 0 0 
255 748 507 241 13 494 215 26 8 5 452 42 92 123 25 1 4 4 2 3 46 406 31 11 58 34 9 114 13 12 0 0 0 0 3 1 0 0 0 0 13 33 241 165 1 30 6 5 17 41 14 20 3 6 36 78 1 12 7 5 0 0 0 0 0 0 0 0 0 0 0 0 0 0 0 0 0 0 0 0 5 8 19 14 20 221 83 82 0 0 8 22 0 0 4 1 2 15 27 14 12 2 9 11 0 0 0 0 29 7 65 13 0 0 7 5 2 5 0 0 0 0 0 0 0 0 0 0 0 0 0 0 0 0 0 0 0 0 0 0 0 0 0 0 0 0 0 0 0 0 0 0 0 0 0 0 0 0 0 0 2 3 0 0 10 9 6 8 11 9 204 17 2 81 34 48 0 0 0 0 3 5 9 13 0 0 0 0 0 0 0 0 0 0 9 6 24 3 3 11 6 6 1 1 2 7 8 3 0 0 0 0 0 0 0 0 6 23 4 3 15 50 8 5 0 0 0 0 0 0 3 2 1 1 1 4 0 0 0 0 0 0 0 0 0 0 0 0 0 0 0 0 0 0 0 0 
255 748 424 324 329 95 199 125 302 27 70 25 163 36 109 16 56 246 2 25 62 8 10 15 132 31 20 16 5 104 13 3 2 54 26 220 0 0 12 13 26 36 1 7 0 0 5 10 120 12 8 23 10 10 14 2 2 3 86 18 12 1 2 1 0 0 30 24 9 17 179 41 0 0 0 0 2 10 6 7 20 6 28 8 0 0 4 3 0 0 0 0 0 0 0 0 72 48 2 10 0 0 3 20 6 4 6 4 5 9 0 0 0 0 0 0 74 12 6 12 0 0 0 0 0 0 0 0 0 0 0 0 20 10 17 7 0 0 5 12 177 2 10 31 0 0 0 0 0 0 0 0 0 0 5 5 0 0 0 0 11 9 3 3 9 19 0 0 0 0 0 0 0 0 0 0 0 0 0 0 0 0 0 0 0 0 0 0 0 0 0 0 31 41 10 38 0 0 5 5 0 0 0 0 0 0 0 0 3 3 3 1 0 0 0 0 1 4 3 6 0 0 0 0 0 0 0 0 0 0 0 0 48 26 6 6 3 3 0 0 0 0 0 0 0 0 0 0 0 0 0 0 0 0 0 0 
255 748 2 746 0 0 494 252 0 0 0 0 304 190 37 215 0 0 0 0 0 0 0 0 199 105 160 30 19 18 93 122 0 0 0 0 0 0 0 0 0 0 0 0 0 0 0 0 126 73 22 83 105 55 4 26 11 8 14 4 40 53 6 116 0 0 0 0 0 0 0 0 0 0 0 0 0 0 0 0 0 0 0 0 0 0 0 0 0 0 0 0 0 0 0 0 67 59 20 53 18 4 14 69 58 47 23 32 2 2 9 17 6 5 0 0 9 5 0 0 20 20 35 18 0 0 84 32 0 0 0 0 0 0 0 0 0 0 0 0 0 0 0 0 0 0 0 0 0 0 0 0 0 0 0 0 0 0 0 0 0 0 0 0 0 0 0 0 0 0 0 0 0 0 0 0 0 0 0 0 0 0 0 0 0 0 0 0 0 0 0 0 26 41 11 48 13 7 5 48 16 2 1 3 8 6 66 3 56 2 9 38 5 18 29 3 0 0 0 0 6 3 0 0 0 0 4 1 0 0 0 0 8 1 3 2 0 0 0 0 4 16 17 3 27 8 0 0 0 0 0 0 66 18 18 14 
255 748 377 371 253 124 156 215 13 240 64 60 122 34 58 157 1 12 140 100 47 17 23 37 49 73 12 22 35 23 56 101 0 0 2 10 56 84 26 74 11 36 8 9 12 11 16 21 27 22 54 19 8 4 4 18 11 24 8 15 41 15 9 92 0 0 0 0 0 0 0 0 19 37 11 73 13 13 56 18 8 3 10 26 0 0 0 0 4 8 0 0 7 9 4 17 17 10 8 14 38 16 15 4 6 2 0 0 2 2 12 6 0 0 7 17 3 5 6 9 34 7 5 10 3 6 73 19 0 0 0 0 0 0 0 0 0 0 0 0 0 0 0 0 7 12 7 30 8 3 48 25 10 3 0 0 20 36 6 12 0 0 0 0 8 2 7 19 0 0 0 0 0 0 0 0 0 0 2 6 0 0 0 0 0 0 4 5 0 0 11 6 12 5 0 0 1 7 11 3 31 7 9 7 8 7 2 2 1 5 0 0 0 0 0 0 0 0 0 0 1 11 0 0 0 0 0 0 6 1 6 11 0 0 3 2 4 2 5 4 14 20 0 0 3 2 1 9 0 0 4 2 9 64 15 4 
255 748 427 321 396 31 89 232 305 91 17 14 70 19 8 224 104 201 1 90 4 13 11 3 18 52 18 1 4 4 163 61 16 88 7 194 0 0 81 9 0 0 3 10 4 7 1 2 7 11 29 23 8 10 0 0 0 0 0 0 23 140 18 43 5 11 17 71 2 5 172 22 0 0 0 0 46 35 7 2 0 0 0 0 0 0 0 0 3 1 0 0 0 0 0 0 0 0 4 7 8 21 14 9 5 3 7 3 0 0 0 0 0 0 0 0 0 0 0 0 11 12 69 71 12 6 26 17 0 0 3 8 0 0 16 55 0 0 0 5 150 22 8 14 0 0 0 0 0 0 0 0 11 35 16 19 0 0 1 1 0 0 0 0 0 0 0 0 0 0 0 0 0 0 0 0 0 0 0 0 0 0 0 0 0 0 0 0 0 0 0 0 0 0 0 0 3 1 0 0 0 0 6 15 10 4 4 5 0 0 0 0 5 2 0 0 0 0 0 0 0 0 0 0 0 0 0 0 0 0 0 0 0 0 0 0 0 0 0 0 6 5 2 10 30 39 60 11 9 3 0 0 17 9 4 13 
255 748 491 257 238 253 152 105 41 197 113 140 55 97 18 87 9 32 119 78 86 27 80 60 14 41 53 44 9 9 42 45 5 4 16 16 52 67 71 7 19 67 17 10 47 33 17 43 0 0 19 22 30 23 28 16 0 0 2 7 4 38 27 18 4 1 1 3 4 12 6 10 9 43 48 19 39 32 1 6 2 17 64 3 4 13 4 6 45 2 28 5 6 11 17 26 0 0 0 0 0 0 7 15 20 10 15 8 5 23 2 14 0 0 0 0 1 1 2 5 0 0 20 18 25 2 0 0 0 0 0 0 0 0 0 3 0 0 8 4 3 3 7 3 0 0 36 7 47 1 9 10 13 26 7 25 0 0 1 5 0 0 14 3 15 49 0 0 2 2 5 8 0 0 5 1 23 22 0 0 7 21 3 2 1 5 6 5 2 15 5 21 0 0 0 0 0 0 0 0 0 0 0 0 4 3 0 0 15 5 0 0 0 0 2 6 3 2 17 6 0 0 4 10 0 0 0 0 0 0 0 0 0 0 0 0 0 0 0 0 0 0 0 0 13 7 8 10 14 11 1 1 0 0 0 0 
255 748 732 16 29 703 5 11 19 10 639 64 3 2 9 2 13 6 2 8 38 601 35 29 0 0 0 0 0 0 0 0 0 0 5 1 0 0 0 0 37 1 325 276 23 12 16 13 0 0 0 0 0 0 0 0 0 0 0 0 0 0 0 0 0 0 0 0 0 0 0 0 0 0 0 0 0 0 0 0 36 1 0 0 54 271 81 195 4 19 3 9 3 13 8 5 0 0 0 0 0 0 0 0 0 0 0 0 0 0 0 0 0 0 0 0 0 0 0 0 0 0 0 0 0 0 0 0 0 0 0 0 0 0 0 0 0 0 0 0 0 0 0 0 0 0 0 0 0 0 0 0 0 0 0 0 0 0 0 0 16 20 0 0 0 0 0 0 32 22 150 121 62 19 135 60 0 0 0 0 1 2 5 4 0 0 0 0 0 0 0 0 0 0 0 0 0 0 0 0 0 0 0 0 0 0 0 0 0 0 0 0 0 0 0 0 0 0 0 0 0 0 0 0 0 0 0 0 0 0 0 0 0 0 0 0 0 0 0 0 0 0 0 0 0 0 0 0 0 0 0 0 0 0 0 0 
255 748 419 329 69 350 325 4 32 37 291 59 24 301 2 2 11 21 21 16 93 198 34 25 4 20 151 150 0 0 0 0 0 0 15 6 13 8 8 8 11 82 73 125 12 22 17 8 0 0 10 10 64 87 91 59 0 0 0 0 0 0 0 0 0 0 0 0 11 4 0 0 12 1 3 5 3 5 0 0 5 6 20 62 47 26 105 20 0 0 18 4 8 9 6 2 0 0 0 0 0 0 4 6 42 22 63 24 26 65 19 40 0 0 0 0 0 0 0 0 0 0 0 0 0 0 0 0 0 0 0 0 0 0 0 0 0 0 0 0 0 0 0 0 0 0 0 0 1 2 0 0 0 0 4 1 0 0 0 0 0 0 4 2 14 6 35 27 12 35 13 13 84 21 10 10 0 0 0 0 8 10 0 0 5 3 4 5 5 1 0 0 0 0 0 0 0 0 0 0 0 0 0 0 3 1 4 2 28 14 7 15 49 14 3 21 18 8 50 15 11 8 8 32 0 0 0 0 0 0 0 0 0 0 0 0 0 0 0 0 0 0 0 0 0 0 0 0 0 0 0 0 0 0 0 0 
255 748 480 268 455 25 236 32 419 36 9 16 184 52 7 25 311 108 32 4 3 6 2 14 45 139 8 44 0 0 24 1 24 287 101 7 11 21 0 0 0 0 1 5 0 0 0 0 40 5 48 91 0 0 20 24 0 0 0 0 23 1 0 0 7 17 96 191 52 49 5 2 2 9 10 11 0 0 0 0 0 0 0 0 0 0 0 5 0 0 0 0 0 0 0 0 6 34 0 0 14 34 73 18 0 0 0 0 5 15 16 8 0 0 0 0 0 0 0 0 16 7 0 0 0 0 0 0 0 0 7 10 19 77 160 31 48 4 41 8 0 0 0 0 0 0 4 5 7 3 8 3 0 0 0 0 0 0 0 0 0 0 0 0 0 0 0 0 0 0 0 0 0 0 0 5 0 0 0 0 0 0 0 0 0 0 0 0 0 0 0 0 0 0 16 18 0 0 0 0 6 8 4 30 17 56 0 0 0 0 0 0 0 0 0 0 4 1 9 6 1 15 6 2 0 0 0 0 0 0 0 0 0 0 0 0 0 0 0 0 15 1 4 3 0 0 0 0 0 0 0 0 0 0 0 0 
255 748 263 485 85 178 74 411 27 58 139 39 13 61 64 347 6 21 52 6 32 107 3 36 7 6 39 22 14 50 181 166 0 0 10 11 42 10 2 4 10 22 78 29 0 0 27 9 6 1 0 0 32 7 15 7 4 10 35 15 145 36 151 15 0 0 0 0 2 8 0 0 15 27 5 5 0 0 0 0 0 0 6 16 23 55 12 17 0 0 0 0 11 16 6 3 0 0 0 0 0 0 0 0 19 13 2 5 9 6 0 0 0 0 0 0 7 28 9 6 76 69 12 24 139 12 7 8 0 0 0 0 0 0 0 0 0 0 0 0 0 0 0 0 11 4 11 16 0 0 3 2 0 0 0 0 0 0 0 0 0 0 0 0 4 2 0 0 8 15 6 49 7 5 6 11 0 0 0 0 0 0 0 0 2 9 13 3 0 0 0 0 0 0 0 0 0 0 0 0 0 0 0 0 0 0 0 0 8 11 7 6 1 1 0 0 8 1 0 0 0 0 0 0 0 0 0 0 0 0 0 0 2 5 4 24 0 0 0 0 55 21 55 14 6 6 3 21 5 134 6 6 0 0 6 2 
255 748 533 215 161 372 130 85 69 92 228 144 4 126 47 38 51 18 51 41 113 115 101 43 0 0 88 38 14 33 10 28 33 18 13 5 4 47 14 27 12 101 66 49 71 30 15 28 0 0 0 0 35 53 16 22 13 1 12 21 0 0 15 13 22 11 7 11 7 6 3 2 0 0 34 13 3 11 3 24 2 10 16 85 34 32 20 29 55 16 14 16 5 10 5 23 0 0 0 0 0 0 0 0 5 30 13 40 14 2 14 8 3 10 0 0 0 12 9 12 0 0 0 0 12 3 12 1 10 12 0 0 4 3 0 0 0 0 0 0 0 0 0 0 0 0 0 0 11 23 0 0 0 0 8 3 0 0 7 17 0 0 0 0 12 4 79 6 16 18 21 11 5 15 27 2 53 2 12 4 5 9 2 14 3 2 3 7 3 2 5 18 0 0 0 0 0 0 0 0 0 0 0 0 0 0 0 0 4 1 10 20 8 5 26 14 4 10 0 0 7 7 3 5 0 0 0 0 0 0 0 0 0 0 9 3 1 8 9 3 0 0 0 0 0 0 0 0 0 0 0 0 0 0 0 0 
255 748 387 361 288 99 146 215 282 6 83 16 64 82 95 120 130 152 5 1 35 48 11 5 27 37 80 2 9 86 8 112 80 50 59 93 0 0 0 0 5 30 20 28 0 0 0 0 14 13 30 7 29 51 0 0 0 0 59 27 0 0 54 58 12 68 34 16 8 51 90 3 0 0 0 0 0 0 0 0 2 3 26 4 4 16 8 20 0 0 0 0 0 0 0 0 3 11 0 0 8 22 0 0 10 19 14 37 0 0 0 0 0 0 0 0 14 45 13 14 0 0 0 0 13 41 49 9 5 7 27 41 12 22 5 11 3 5 32 19 74 16 0 0 0 0 0 0 0 0 0 0 0 0 0 0 0 0 0 0 0 0 2 1 5 21 2 2 0 0 13 3 0 0 13 7 0 0 0 0 0 0 0 0 0 0 0 0 0 0 0 0 1 2 0 0 0 0 0 0 5 3 8 14 0 0 0 0 7 3 3 16 9 5 25 12 0 0 0 0 0 0 0 0 0 0 0 0 0 0 0 0 8 6 14 31 3 10 4 10 0 0 0 0 0 0 0 0 2 11 7 34 22 27 0 0 
255 748 342 406 16 326 77 329 0 0 258 68 26 51 268 61 0 0 0 0 170 88 27 41 6 20 3 48 97 171 47 14 0 0 0 0 0 0 0 0 116 54 15 73 17 10 29 12 0 0 2 18 0 0 38 10 86 11 18 153 28 19 11 3 0 0 0 0 0 0 0 0 0 0 0 0 0 0 0 0 81 35 14 40 4 11 55 18 6 11 2 8 6 23 8 4 0 0 0 0 0 0 0 0 0 0 0 0 15 23 0 0 21 65 3 8 16 2 100 53 5 23 18 1 8 3 1 2 0 0 0 0 0 0 0 0 0 0 0 0 0 0 0 0 0 0 0 0 0 0 0 0 0 0 0 0 0 0 0 0 66 15 12 23 8 6 11 29 0 0 0 0 46 9 8 10 0 0 4 7 0 0 0 0 1 5 13 10 1 7 1 3 0 0 0 0 0 0 0 0 0 0 0 0 0 0 0 0 0 0 0 0 0 0 0 0 11 4 11 12 0 0 0 0 16 5 6 59 0 0 2 6 7 9 1 1 9 91 32 21 0 0 7 16 13 5 0 0 2 6 2 1 0 0 0 0 
255 748 87 661 79 8 351 310 36 43 6 2 279 72 182 128 12 24 7 36 3 3 0 0 254 25 60 12 7 175 61 67 10 2 16 8 2 5 8 28 0 0 0 0 0 0 0 0 18 236 5 20 43 17 6 6 4 3 90 85 36 25 30 37 6 4 0 0 6 10 4 4 0 0 0 0 2 6 7 21 0 0 0 0 0 0 0 0 0 0 0 0 0 0 0 0 5 13 181 55 2 3 7 13 35 8 0 0 3 3 0 0 0 0 0 0 12 78 64 21 10 26 20 5 19 11 9 28 0 0 0 0 0 0 0 0 0 0 0 0 2 2 3 1 0 0 0 0 0 0 0 0 0 0 1 5 0 0 15 6 0 0 0 0 0 0 0 0 0 0 0 0 0 0 0 0 0 0 0 0 0 0 0 0 0 0 0 0 0 0 0 0 4 1 3 10 83 98 47 8 0 0 0 0 0 0 10 3 28 7 5 3 0 0 0 0 0 0 1 2 0 0 0 0 0 0 0 0 0 0 0 0 4 8 37 41 32 32 2 19 1 9 22 4 4 16 0 0 16 3 3 8 0 0 24 4 
255 748 430 318 341 89 274 44 220 121 20 69 161 113 34 10 59 161 36 85 13 7 19 50 100 61 13 100 11 23 3 7 33 26 143 18 20 16 37 48 8 5 4 3 4 15 45 5 60 40 28 33 9 4 49 51 10 1 18 5 0 0 3 4 26 7 25 1 31 112 4 14 10 10 15 1 5 32 46 2 7 1 3 2 0 0 0 0 1 3 0 0 9 36 2 3 7 53 5 35 16 12 12 21 2 7 1 3 22 27 27 24 5 5 0 0 6 12 2 3 0 0 0 0 0 0 3 1 22 4 2 5 11 14 0 0 4 27 38 74 0 0 12 2 3 7 7 3 6 9 0 0 2 3 5 27 6 40 0 0 0 0 0 0 0 0 0 0 0 0 0 0 0 0 0 0 0 0 0 0 0 0 0 0 5 4 2 34 0 0 2 1 1 6 48 5 3 2 28 7 7 9 2 10 0 12 6 15 0 0 3 4 0 0 0 0 21 1 2 25 25 2 14 10 0 0 0 0 0 0 0 0 0 0 0 0 0 0 0 0 0 0 0 0 0 0 0 0 0 0 0 0 0 0 0 0 
255 748 533 215 329 204 76 139 165 164 44 160 25 51 128 11 161 4 93 71 25 19 115 45 3 22 13 38 59 69 0 0 153 8 0 0 52 41 69 2 18 7 4 15 68 47 36 9 0 0 3 19 8 5 31 7 7 52 16 53 0 0 0 0 59 94 0 0 0 0 0 0 12 40 19 22 27 42 0 0 5 13 3 4 2 2 9 6 30 38 26 21 12 24 0 0 0 0 0 0 0 0 2 17 0 0 0 0 21 10 2 5 0 0 20 32 5 11 40 13 0 0 0 0 0 0 0 0 36 23 38 56 0 0 0 0 0 0 0 0 0 0 0 0 8 4 28 12 3 16 12 10 2 25 30 12 0 0 0 0 0 0 7 6 0 0 0 0 0 0 0 0 7 2 3 3 11 19 14 24 22 4 13 8 6 6 23 1 0 0 0 0 0 0 0 0 0 0 0 0 0 0 0 0 0 0 7 10 0 0 0 0 0 0 0 0 1 20 8 2 0 0 0 0 0 0 0 0 18 2 15 17 1 4 4 7 27 13 7 6 0 0 0 0 0 0 0 0 0 0 0 0 0 0 0 0 
255 748 302 446 252 50 13 433 185 67 3 47 3 10 209 224 183 2 48 19 0 0 39 8 0 0 6 4 99 110 94 130 30 153 0 0 8 40 17 2 0 0 0 0 22 17 4 4 0 0 0 0 3 3 3 1 48 51 17 93 23 71 74 56 26 4 13 140 0 0 0 0 0 0 28 12 11 6 0 0 0 0 0 0 0 0 0 0 10 12 7 10 0 0 0 0 0 0 0 0 0 0 0 0 0 0 0 0 0 0 0 0 43 5 3 48 4 13 71 22 15 8 40 31 51 23 49 7 20 6 0 0 9 4 52 88 0 0 0 0 0 0 0 0 0 0 0 0 9 19 8 4 0 0 0 0 0 0 0 0 0 0 0 0 0 0 0 0 0 0 0 0 0 0 0 0 0 0 0 0 5 2 0 0 0 0 0 0 0 0 0 0 0 0 0 0 0 0 0 0 0 0 0 0 0 0 0 0 0 0 0 0 0 0 0 0 0 0 0 0 0 0 0 0 16 27 2 3 0 0 37 11 0 0 7 6 51 20 19 3 4 11 0 0 3 37 10 21 12 39 2 21 44 5 4 3 
255 748 344 404 156 188 285 119 89 67 139 49 225 60 78 41 21 68 14 53 131 8 10 39 178 47 14 46 46 32 19 22 2 19 36 32 9 5 37 16 71 60 5 3 7 3 13 26 84 94 11 36 10 4 36 10 33 13 22 10 11 8 11 11 0 0 10 9 19 17 10 22 8 1 0 0 19 18 8 8 43 28 27 33 0 0 1 2 3 4 1 2 8 5 10 16 5 79 41 53 5 6 21 15 6 4 1 3 17 19 0 0 15 18 0 0 17 5 6 4 0 0 0 0 8 3 9 2 0 0 0 0 0 0 0 0 0 0 8 9 7 3 5 17 0 0 0 0 0 0 0 0 6 13 12 6 6 2 5 3 9 34 13 15 9 18 5 28 0 0 0 0 0 0 0 0 0 0 0 0 0 0 0 0 3 5 0 0 2 8 1 15 1 4 24 55 30 11 27 26 3 2 0 0 3 18 11 4 1 5 0 0 0 0 0 0 7 10 2 17 0 0 0 0 13 2 4 14 0 0 0 0 5 12 4 1 0 0 0 0 0 0 0 0 0 0 0 0 6 2 0 0 0 0 1 1 
255 748 107 641 101 6 426 215 37 64 2 4 310 116 179 36 7 30 52 12 0 0 3 1 303 7 96 20 80 99 17 19 0 0 19 11 15 37 8 4 0 0 0 0 0 0 0 0 9 294 0 0 49 47 6 14 28 52 10 89 7 10 3 16 0 0 0 0 6 13 8 3 6 9 30 7 0 0 3 1 0 0 0 0 0 0 0 0 0 0 0 0 0 0 0 0 5 4 269 25 0 0 0 0 23 26 31 16 2 4 13 1 15 13 39 13 3 7 32 57 4 3 6 4 0 0 0 0 0 0 0 0 0 0 0 0 4 2 9 4 3 5 0 0 3 3 2 7 11 19 3 4 0 0 0 0 2 1 0 0 0 0 0 0 0 0 0 0 0 0 0 0 0 0 0 0 0 0 0 0 0 0 0 0 0 0 0 0 0 0 0 0 0 0 0 0 14 255 2 23 0 0 0 0 0 0 0 0 18 5 21 5 30 1 5 11 0 0 0 0 5 8 0 0 12 3 8 5 24 15 10 3 0 0 0 0 16 16 41 16 0 0 0 0 0 0 0 0 0 0 0 0 0 0 0 0 
255 748 733 15 349 384 0 0 251 98 330 54 0 0 0 0 238 13 53 45 158 172 26 28 0 0 0 0 0 0 0 0 212 26 8 5 48 5 28 17 19 139 68 104 4 22 23 5 0 0 0 0 0 0 0 0 0 0 0 0 0 0 0 0 152 60 13 13 6 2 1 4 6 42 0 0 9 19 11 6 12 7 111 28 21 47 29 75 0 0 5 17 9 14 0 0 0 0 0 0 0 0 0 0 0 0 0 0 0 0 0 0 0 0 0 0 0 0 0 0 0 0 0 0 0 0 0 0 4 148 42 18 5 8 2 11 0 0 0 0 0 0 0 0 0 0 4 38 0 0 0 0 0 0 3 16 4 7 0 0 7 5 0 0 3 108 2 26 9 12 42 5 25 4 51 24 0 0 0 0 4 1 7 10 4 5 11 3 0 0 0 0 0 0 0 0 0 0 0 0 0 0 0 0 0 0 0 0 0 0 0 0 0 0 0 0 0 0 0 0 0 0 0 0 0 0 0 0 0 0 0 0 0 0 0 0 0 0 0 0 0 0 0 0 0 0 0 0 0 0 0 0 0 0 0 0 
255 748 731 17 282 449 9 8 142 140 7 442 0 0 7 1 7 135 120 20 4 3 311 131 0 0 0 0 3 4 0 0 0 0 26 109 80 40 11 9 0 0 2 1 186 125 106 25 0 0 0 0 0 0 0 0 0 0 1 3 0 0 0 0 0 0 0 0 3 23 84 25 17 63 19 21 5 6 0 0 0 0 0 0 0 0 0 0 79 107 62 63 42 64 14 11 0 0 0 0 0 0 0 0 0 0 0 0 0 0 0 0 0 0 0 0 0 0 2 1 0 0 0 0 0 0 0 0 0 0 0 0 0 0 0 0 0 0 13 10 14 70 7 18 7 10 37 26 9 10 13 8 0 0 0 0 0 0 0 0 0 0 0 0 0 0 0 0 0 0 0 0 0 0 0 0 25 54 95 12 12 50 14 49 7 35 34 30 8 6 3 8 0 0 0 0 0 0 0 0 0 0 0 0 0 0 0 0 0 0 0 0 0 0 0 0 0 0 0 0 0 0 0 0 0 0 0 0 0 0 0 0 0 0 0 0 0 0 0 0 0 0 0 0 0 0 0 0 0 0 0 0 0 0 0 0 
255 748 369 379 74 295 86 293 72 2 170 125 16 70 118 175 34 38 0 0 124 46 5 120 15 1 10 60 43 75 76 99 18 16 27 11 0 0 0 0 84 40 7 39 2 3 98 22 0 0 0 0 8 2 48 12 3 40 44 31 58 18 26 73 14 4 13 3 6 21 7 4 0 0 0 0 0 0 0 0 14 70 34 6 2 5 14 25 0 0 1 2 51 47 16 6 0 0 0 0 0 0 0 0 0 0 0 0 44 4 9 3 0 0 8 32 20 24 20 11 23 35 1 17 18 8 33 40 9 5 1 3 7 6 0 0 0 0 18 3 0 0 0 0 0 0 0 0 0 0 0 0 0 0 0 0 0 0 0 0 2 12 49 21 11 23 1 5 1 1 0 0 5 9 22 3 0 0 0 0 0 0 0 2 29 22 34 13 8 8 2 4 0 0 0 0 0 0 0 0 0 0 0 0 0 0 0 0 0 0 0 0 0 0 0 0 16 28 1 3 6 3 0 0 0 0 0 0 0 0 12 20 13 7 3 21 8 12 1 10 9 14 5 30 0 0 10 7 8 10 0 0 28 5 12 28 
255 748 23 725 8 15 266 459 4 4 12 3 114 152 316 143 2 2 0 0 8 4 0 0 27 87 65 87 242 74 111 32 0 0 0 0 0 0 0 0 6 2 0 0 0 0 0 0 10 17 75 12 25 40 18 69 205 37 27 47 49 62 22 10 0 0 0 0 0 0 0 0 0 0 0 0 0 0 0 0 0 0 0 0 0 0 0 0 0 0 0 0 0 0 0 0 6 4 14 3 14 61 4 8 3 22 27 13 1 17 60 9 135 70 19 18 1 26 3 44 19 30 42 20 9 13 9 1 0 0 0 0 0 0 0 0 0 0 0 0 0 0 0 0 0 0 0 0 0 0 0 0 0 0 0 0 0 0 0 0 0 0 0 0 0 0 0 0 0 0 0 0 0 0 0 0 0 0 0 0 0 0 0 0 0 0 0 0 0 0 0 0 0 0 1 3 5 9 2 1 0 0 44 17 0 0 1 7 0 0 3 19 3 24 7 6 0 0 0 0 57 3 3 6 84 51 21 49 17 2 11 7 0 0 7 19 0 0 31 13 8 11 17 13 14 28 11 9 0 0 7 6 0 0 0 0 
255 748 679 69 487 192 10 59 404 83 97 95 0 0 2 57 269 135 24 59 55 42 63 32 0 0 0 0 0 0 34 23 148 121 122 13 19 5 42 17 4 51 12 30 61 2 21 11 0 0 0 0 0 0 0 0 0 0 0 0 8 26 10 13 90 58 29 92 52 70 8 5 7 12 2 3 23 19 0 0 1 3 34 17 6 6 14 16 28 33 1 1 11 10 7 4 0 0 0 0 0 0 0 0 0 0 0 0 0 0 0 0 0 0 0 0 0 0 0 0 3 5 10 16 3 7 7 6 41 49 17 41 17 12 33 59 27 25 11 59 6 2 0 0 3 4 9 3 0 0 0 0 13 10 17 2 0 0 0 0 0 0 0 0 21 13 1 16 0 0 0 0 7 7 7 9 15 13 22 11 0 0 0 0 7 4 2 8 6 1 0 0 0 0 0 0 0 0 0 0 0 0 0 0 0 0 0 0 0 0 0 0 0 0 0 0 0 0 0 0 0 0 0 0 0 0 0 0 0 0 0 0 0 0 0 0 0 0 0 0 0 0 1 4 3 7 8 8 0 0 1 6 0 0 0 0 
255 748 654 94 444 210 58 36 421 23 20 190 38 20 26 10 151 270 8 15 17 3 131 59 20 18 11 9 11 15 6 4 129 22 12 258 4 4 10 5 7 10 1 2 103 28 36 23 1 19 7 11 5 6 5 4 7 4 5 10 0 0 0 0 2 127 4 18 3 9 16 242 0 0 0 0 3 7 3 2 0 0 0 0 0 0 0 0 69 34 16 12 28 8 12 11 0 0 7 12 0 0 9 2 3 2 0 0 0 0 0 0 3 4 0 0 4 1 4 6 0 0 0 0 0 0 0 0 0 0 67 60 2 2 0 0 0 0 0 0 6 10 167 75 0 0 0 0 0 0 0 0 0 0 5 2 0 0 0 0 0 0 0 0 0 0 0 0 0 0 0 0 0 0 0 0 40 29 26 8 5 11 5 7 17 11 2 6 7 5 4 7 0 0 0 0 4 3 0 0 0 0 0 0 4 5 0 0 0 0 0 0 0 0 0 0 0 0 0 0 0 0 0 0 0 0 1 3 0 0 0 0 0 0 0 0 1 3 4 2 0 0 0 0 0 0 0 0 0 0 0 0 0 0 0 0 
255 748 387 361 307 80 226 135 53 254 26 54 56 170 55 80 35 18 34 220 23 3 34 20 22 34 40 130 16 39 55 25 33 2 0 0 9 25 39 181 13 10 2 1 4 30 6 14 11 11 8 26 10 30 75 55 6 10 24 15 45 10 10 15 5 28 0 0 0 0 0 0 4 5 7 18 24 15 57 124 12 1 4 6 0 0 0 0 2 2 8 22 3 3 7 7 0 0 5 6 4 4 4 22 0 0 5 25 43 32 24 31 3 3 0 0 15 9 13 2 16 29 9 1 3 7 6 9 3 2 22 6 0 0 0 0 0 0 0 0 0 0 0 0 3 1 1 4 4 3 6 12 21 3 7 8 16 41 47 77 5 7 0 0 0 0 0 0 0 0 0 0 0 0 0 0 0 0 0 0 0 0 20 2 0 0 0 0 0 0 4 3 0 0 0 0 0 0 0 0 0 0 2 2 0 0 7 15 0 0 0 0 0 0 18 7 1 42 22 10 10 14 28 3 1 2 0 0 0 0 0 0 1 14 0 0 1 12 0 0 9 7 16 13 6 3 0 0 0 0 0 0 0 0 5 4 
255 748 442 306 425 17 39 267 421 4 8 9 9 30 103 164 274 147 0 0 4 4 6 3 0 0 28 2 12 91 54 110 33 241 117 30 0 0 0 0 1 3 0 0 4 2 0 0 0 0 0 0 17 11 0 0 10 2 15 76 35 19 38 72 9 24 233 8 59 58 16 14 0 0 0 0 0 0 0 0 0 0 2 1 0 0 0 0 0 0 0 0 0 0 0 0 0 0 0 0 0 0 0 0 15 2 5 6 0 0 0 0 4 6 1 1 2 13 51 25 32 3 5 14 29 9 47 25 0 0 11 13 47 186 6 2 23 36 55 3 10 6 0 0 0 0 0 0 0 0 0 0 0 0 0 0 0 0 0 0 0 0 0 0 0 0 0 0 0 0 0 0 0 0 0 0 0 0 0 0 0 0 0 0 0 0 0 0 0 0 0 0 0 0 0 0 0 0 0 0 0 0 0 0 0 0 0 0 6 9 0 0 1 4 0 0 0 0 0 0 0 0 0 0 0 0 4 2 0 0 0 0 0 0 0 0 47 4 16 9 19 13 0 0 2 3 12 2 16 13 4 5 20 27 8 17 
255 748 428 320 329 99 252 68 48 281 4 95 39 213 30 38 28 20 14 267 0 0 86 9 25 14 49 164 4 26 7 31 26 2 7 13 5 9 211 56 0 0 0 0 43 43 7 2 15 10 10 4 16 33 154 10 0 0 23 3 0 0 7 24 23 3 1 1 0 0 6 7 2 3 7 2 207 4 9 47 0 0 0 0 0 0 0 0 27 16 20 23 5 2 1 1 13 2 3 7 0 0 1 3 5 11 13 20 71 83 6 4 0 0 0 0 17 6 0 0 0 0 0 0 3 4 7 17 4 19 0 0 0 0 0 0 0 0 0 0 2 4 0 0 0 0 0 0 5 2 0 0 28 179 2 2 4 5 32 15 0 0 0 0 0 0 0 0 0 0 0 0 0 0 0 0 18 9 9 7 13 7 21 2 0 0 0 2 0 0 0 0 0 0 0 0 1 2 5 2 0 0 0 0 0 0 0 3 2 3 0 0 5 8 5 15 53 18 48 35 0 0 2 2 0 0 0 0 0 0 0 0 10 7 0 0 0 0 0 0 0 0 0 0 0 0 0 0 0 0 2 2 4 3 11 6 
255 748 736 12 436 300 6 6 134 302 205 95 5 1 0 0 22 112 191 111 136 69 10 85 0 0 0 0 0 0 0 0 16 6 52 60 166 25 69 42 60 76 9 60 5 5 63 22 0 0 0 0 0 0 0 0 0 0 0 0 0 0 0 0 7 9 3 3 29 23 40 20 5 161 13 12 61 8 33 9 21 39 50 26 3 6 57 3 0 0 1 4 36 27 15 7 0 0 0 0 0 0 0 0 0 0 0 0 0 0 0 0 0 0 0 0 0 0 0 0 0 0 0 0 0 0 0 0 2 5 3 6 0 0 0 0 9 20 5 18 21 19 2 18 3 2 130 31 0 0 7 5 3 58 2 6 24 9 1 8 7 14 1 38 38 12 21 5 0 0 0 0 18 39 0 0 0 0 0 0 0 0 1 3 30 6 7 20 9 6 6 1 0 0 0 0 0 0 0 0 0 0 0 0 0 0 0 0 0 0 0 0 0 0 0 0 0 0 0 0 0 0 0 0 0 0 0 0 0 0 0 0 0 0 0 0 0 0 0 0 0 0 0 0 0 0 0 0 0 0 0 0 0 0 0 0 
255 748 429 319 17 412 99 220 5 12 39 373 3 96 203 17 2 3 4 8 30 9 135 238 0 0 52 44 98 105 7 10 0 0 2 1 0 0 2 6 15 15 2 7 10 125 56 182 0 0 0 0 19 33 12 32 66 32 61 44 5 2 6 4 0 0 0 0 0 0 0 0 0 0 0 0 0 0 2 4 12 3 5 10 0 0 0 0 5 5 84 41 16 40 178 4 0 0 0 0 0 0 0 0 0 0 5 28 3 9 16 16 44 22 16 16 34 27 9 35 0 0 1 1 0 0 0 0 0 0 0 0 0 0 0 0 0 0 0 0 0 0 0 0 0 0 0 0 0 0 0 0 0 0 0 0 0 0 0 0 4 8 1 2 2 3 5 5 0 0 0 0 0 0 0 0 0 0 0 0 41 43 19 22 12 4 21 19 99 79 0 0 0 0 0 0 0 0 0 0 0 0 0 0 0 0 0 0 0 0 0 0 0 0 6 22 0 0 2 7 9 7 6 10 19 25 6 16 7 9 0 0 22 12 23 4 4 5 10 25 0 0 0 0 0 0 0 0 0 0 0 0 0 0 0 0 
255 748 546 202 351 195 91 111 281 70 43 152 50 41 76 35 124 157 44 26 20 23 110 42 40 10 13 28 58 18 23 12 94 30 11 146 8 36 7 19 11 9 7 16 35 75 36 6 25 15 8 2 11 2 23 5 44 14 8 10 10 13 5 7 58 36 18 12 0 0 11 135 4 4 31 5 0 0 0 0 0 0 4 5 0 0 9 7 29 6 57 18 7 29 0 0 5 20 2 13 2 6 0 0 10 1 0 0 13 10 0 0 23 21 0 0 0 0 0 0 5 5 9 4 2 3 0 0 20 38 31 5 2 16 8 4 0 0 0 0 9 2 1 134 0 0 0 0 6 25 0 0 0 0 0 0 0 0 0 0 0 0 0 0 0 0 0 0 0 0 0 0 2 7 0 0 12 17 4 2 44 13 10 8 0 0 21 8 0 0 0 0 4 1 16 4 0 0 0 0 0 0 3 3 0 0 0 0 8 2 0 0 0 0 0 0 10 3 5 5 0 0 0 0 18 5 17 4 0 0 0 0 0 0 0 0 0 0 0 0 0 0 0 0 0 0 0 0 1 1 0 0 0 0 0 0 
255 748 428 320 315 113 286 34 70 245 54 59 248 38 25 9 59 11 236 9 16 38 4 55 234 14 14 24 15 10 2 7 43 16 2 9 48 188 5 4 5 11 15 23 0 0 2 53 146 88 7 7 8 6 6 18 9 6 8 2 0 0 0 0 22 21 2 14 0 0 0 0 38 10 16 172 0 0 0 0 0 0 7 4 0 0 10 13 0 0 0 0 1 1 25 28 28 118 51 37 5 2 4 3 6 2 5 1 0 0 11 7 5 4 0 0 0 0 0 0 0 0 0 0 0 0 0 0 19 3 4 17 0 0 4 10 0 0 0 0 0 0 0 0 14 24 5 5 14 2 151 21 0 0 0 0 0 0 0 0 0 0 0 0 4 3 3 1 0 0 0 0 9 1 6 7 0 0 0 0 0 0 0 0 0 0 0 0 10 15 11 17 9 19 16 102 39 12 4 33 0 0 1 1 0 0 0 0 0 0 0 0 0 0 0 0 0 0 0 0 1 10 6 1 0 0 0 0 0 0 0 0 0 0 0 0 0 0 0 0 0 0 0 0 0 0 0 0 0 0 0 0 0 0 0 0 
255 748 169 579 29 140 194 385 22 7 116 24 173 21 145 240 12 10 0 0 23 93 15 9 145 28 7 14 141 4 54 186 3 9 7 3 0 0 0 0 20 3 81 12 10 5 0 0 108 37 13 15 1 6 0 0 8 133 3 1 31 23 21 165 0 0 7 2 3 4 2 1 0 0 0 0 0 0 0 0 19 1 2 1 30 51 9 3 0 0 0 0 0 0 0 0 56 52 33 4 9 4 5 10 0 0 1 5 0 0 0 0 1 7 47 86 0 0 0 0 19 12 5 18 10 11 115 50 0 0 0 0 0 0 0 0 0 0 2 2 1 1 0 0 0 0 0 0 0 0 0 0 0 0 0 0 0 0 0 0 9 10 0 0 1 1 0 0 22 8 42 9 0 0 1 2 0 0 0 0 0 0 0 0 0 0 0 0 0 0 0 0 11 45 21 31 28 5 0 0 0 0 3 1 0 0 3 7 0 0 0 0 0 0 0 0 0 0 0 0 0 0 0 0 0 0 2 5 28 19 50 36 0 0 0 0 0 0 0 0 10 9 9 3 0 0 5 13 0 0 3 8 21 94 26 24 
255 748 533 215 417 116 65 150 30 387 58 58 31 34 124 26 9 21 322 65 34 24 44 14 3 28 15 19 106 18 21 5 4 5 5 16 161 161 14 51 18 16 17 7 12 32 11 3 1 2 24 4 10 5 18 1 21 85 8 10 7 14 4 1 0 0 0 0 2 3 7 9 31 130 86 75 0 0 31 20 2 16 4 12 10 7 3 4 4 8 17 15 7 4 0 0 0 0 0 0 18 6 1 3 9 1 2 3 7 11 0 0 3 18 52 33 4 4 0 0 4 3 3 11 0 0 0 0 0 0 0 0 0 0 0 0 0 0 0 0 5 2 0 0 23 8 67 63 7 79 39 36 0 0 0 0 4 27 10 10 0 0 9 7 0 0 8 4 0 0 6 1 0 0 1 3 0 0 0 0 7 10 8 7 5 2 0 0 0 0 0 0 0 0 0 0 0 0 0 0 5 13 2 4 0 0 0 0 0 0 0 0 0 0 0 0 6 1 5 6 0 0 0 0 0 0 7 11 18 34 7 26 3 1 3 1 0 0 0 0 2 2 0 0 0 0 3 8 0 0 0 0 0 0 0 0 
255 748 421 327 340 81 163 164 325 15 29 52 52 111 7 157 272 53 10 5 6 23 25 27 14 38 69 42 3 4 42 115 53 219 26 27 0 0 3 2 5 1 13 10 17 8 7 20 7 7 20 18 10 59 20 22 0 0 0 0 18 24 56 59 32 21 161 58 17 9 20 7 0 0 0 0 0 0 0 0 0 0 0 0 8 5 3 7 15 2 0 0 2 5 8 12 0 0 3 4 7 13 5 13 1 9 9 50 11 9 17 5 0 0 0 0 0 0 0 0 1 17 15 9 32 24 18 41 9 23 4 17 3 158 50 8 14 3 3 6 9 11 0 0 0 0 0 0 0 0 0 0 0 0 0 0 0 0 0 0 0 0 0 0 0 0 0 0 0 0 0 0 0 0 2 5 8 7 1 1 0 0 0 0 1 1 3 2 0 0 6 6 0 0 0 0 0 0 0 0 4 3 8 5 4 1 3 10 0 0 0 0 6 3 17 33 4 7 6 3 6 11 4 1 0 0 0 0 0 0 0 0 0 0 0 0 0 0 0 0 0 0 1 16 0 0 5 4 22 10 13 11 3 15 5 36 
255 748 260 488 97 163 273 215 65 32 147 16 73 200 169 46 43 22 17 15 45 102 10 6 16 57 39 161 124 45 13 33 7 36 8 14 15 2 2 13 11 34 9 93 0 0 3 3 8 8 27 30 13 26 124 37 91 33 18 27 7 6 18 15 5 2 24 12 0 0 3 11 6 9 0 0 1 1 9 4 8 3 3 31 2 7 60 33 0 0 0 0 1 2 1 2 3 5 7 1 24 3 4 26 0 0 25 1 89 35 18 19 58 33 7 26 12 6 6 21 4 3 4 2 15 3 2 13 0 0 0 2 6 18 4 8 0 0 0 0 0 0 3 8 4 2 0 0 0 0 0 0 0 0 0 0 7 2 3 1 4 4 0 0 0 0 16 15 0 0 3 4 53 7 25 8 0 0 0 0 0 0 0 0 0 0 0 0 0 0 0 0 2 1 4 1 6 1 0 0 7 17 0 0 3 1 12 14 0 0 0 0 16 9 0 0 32 57 22 13 6 12 9 10 41 17 12 21 0 0 12 14 3 9 0 0 1 5 7 14 0 0 2 1 0 0 0 0 7 8 1 2 0 0 0 0 
255 748 89 659 19 70 108 551 3 16 41 29 85 23 380 171 2 1 4 12 9 32 21 8 59 26 1 22 169 211 106 65 0 0 0 0 2 2 4 8 6 3 16 16 18 3 0 0 52 7 22 4 0 0 3 19 103 66 159 52 74 32 55 10 0 0 0 0 0 0 0 0 1 1 0 0 0 0 0 0 0 0 0 0 5 11 5 11 7 11 2 1 0 0 0 0 19 33 6 1 16 6 0 0 0 0 0 0 0 0 7 12 9 94 50 16 80 79 51 1 43 31 27 5 53 2 0 0 0 0 0 0 0 0 0 0 0 0 0 0 0 0 0 0 0 0 0 0 0 0 0 0 0 0 0 0 0 0 0 0 0 0 0 0 0 0 0 0 3 2 0 0 0 0 4 7 0 0 2 9 0 0 0 0 0 0 0 0 0 0 0 0 6 13 22 11 0 0 0 0 3 13 4 2 0 0 0 0 0 0 0 0 0 0 0 0 0 0 0 0 0 0 9 3 4 5 78 16 7 43 12 4 25 55 65 14 1 50 0 0 35 8 22 9 20 7 0 0 23 30 0 0 0 0 0 0 
255 748 722 26 162 560 7 19 10 152 261 299 1 6 14 5 6 4 117 35 100 161 44 255 0 0 0 0 8 6 0 0 0 0 0 0 59 58 14 21 38 62 90 71 10 34 3 252 0 0 0 0 0 0 0 0 4 4 1 5 0 0 0 0 0 0 0 0 0 0 0 0 20 39 17 41 0 0 16 5 3 35 34 28 54 36 69 2 0 0 17 17 0 0 139 113 0 0 0 0 0 0 0 0 0 0 0 0 0 0 0 0 0 0 0 0 0 0 0 0 0 0 0 0 0 0 0 0 0 0 0 0 0 0 0 0 0 0 0 0 0 0 0 0 11 9 22 17 10 7 19 22 0 0 0 0 11 5 0 0 2 1 22 13 23 11 18 10 32 22 34 2 29 40 0 0 0 0 0 0 14 3 9 8 0 0 0 0 112 27 62 51 0 0 0 0 0 0 0 0 0 0 0 0 0 0 0 0 0 0 0 0 0 0 0 0 0 0 0 0 0 0 0 0 0 0 0 0 0 0 0 0 0 0 0 0 0 0 0 0 0 0 0 0 0 0 0 0 0 0 0 0 0 0 0 0 
255 748 533 215 371 162 83 132 289 82 60 102 27 56 88 44 269 20 27 55 54 6 70 32 11 16 43 13 34 54 3 41 114 155 3 17 8 19 5 50 50 4 5 1 60 10 19 13 6 5 14 2 23 20 0 0 19 15 38 16 2 1 18 23 74 40 135 20 0 0 14 3 6 2 15 4 0 0 18 32 43 7 1 3 0 0 0 0 55 5 6 4 13 6 7 6 1 5 0 0 0 0 0 0 16 7 6 14 0 0 0 0 7 12 11 4 22 16 7 9 0 0 0 0 11 7 17 6 40 34 17 23 52 83 0 0 0 0 0 0 6 8 0 0 0 0 0 0 5 10 0 0 0 0 0 0 5 13 8 24 40 3 3 4 0 0 0 0 0 0 0 0 0 0 0 0 22 33 0 0 3 3 0 0 5 8 2 4 2 5 0 0 0 0 3 2 0 0 0 0 0 0 0 0 0 0 0 0 6 10 0 0 0 0 12 2 0 0 0 0 0 0 0 0 2 5 0 0 4 7 0 0 13 9 7 9 1 6 3 6 0 0 0 0 0 0 0 0 10 1 0 0 11 6 2 4 
255 748 35 713 6 29 329 384 0 6 8 21 18 311 337 47 0 0 1 5 7 1 7 14 10 8 277 34 258 79 9 38 0 0 0 0 0 0 0 0 0 0 0 0 3 4 13 1 5 5 3 5 6 271 26 8 160 98 12 67 0 0 27 11 0 0 0 0 0 0 0 0 0 0 0 0 0 0 0 0 0 0 0 0 0 0 0 0 0 0 0 0 4 9 0 0 0 0 2 3 0 3 0 0 2 4 228 43 10 16 2 6 126 34 50 48 3 9 18 49 0 0 0 0 21 6 2 9 0 0 0 0 0 0 0 0 0 0 0 0 0 0 0 0 0 0 0 0 0 0 0 0 0 0 0 0 0 0 0 0 0 0 0 0 0 0 0 0 0 0 0 0 0 0 0 0 0 0 0 0 0 0 0 0 0 0 0 0 0 0 0 0 0 0 0 0 0 0 1 2 0 0 2 1 0 0 0 0 0 0 1 3 196 32 37 6 5 5 7 9 0 0 0 0 116 10 8 26 7 43 31 17 0 0 0 0 4 14 20 29 0 0 0 0 0 0 0 0 8 13 4 2 0 0 0 0 
255 748 533 215 328 205 96 119 115 213 163 42 69 27 86 33 107 8 43 170 74 89 15 27 16 53 20 7 76 10 13 20 81 26 3 5 27 16 77 93 32 42 54 35 10 5 24 3 0 0 27 26 4 16 3 4 6 70 0 0 7 6 8 12 6 75 9 17 0 0 0 0 3 24 15 1 34 43 69 24 20 12 13 29 16 38 33 2 3 7 1 4 15 9 0 0 0 0 0 0 21 6 12 14 3 1 6 10 0 0 0 0 0 0 46 24 0 0 0 0 4 3 0 0 6 2 9 3 0 0 6 69 3 6 0 0 0 0 0 0 0 0 0 0 0 0 7 17 9 6 0 0 2 32 15 28 11 58 15 9 3 17 7 5 3 10 17 12 7 9 16 22 9 24 0 0 0 0 4 3 0 0 0 0 4 11 6 3 0 0 0 0 0 0 0 0 0 0 0 0 13 8 0 0 1 11 0 0 0 0 0 0 5 1 1 9 0 0 0 0 0 0 0 0 0 0 0 0 22 24 19 5 0 0 0 0 0 0 0 0 0 0 0 0 0 0 0 0 5 1 0 0 0 0 0 0 
255 748 476 272 91 385 149 123 80 11 332 53 52 97 18 105 67 13 3 8 108 224 27 26 47 5 63 34 4 14 17 88 35 32 3 10 2 1 0 0 17 91 33 191 8 19 5 21 37 10 0 0 38 25 20 14 0 0 8 6 11 6 59 29 10 25 15 17 0 0 0 10 0 0 0 0 0 0 0 0 15 2 41 50 7 26 29 162 1 7 10 9 0 0 9 12 13 24 2 8 0 0 0 0 18 20 10 15 14 6 2 12 0 0 0 0 2 6 0 0 4 7 0 0 12 47 17 12 0 0 17 8 12 3 0 0 0 0 0 0 0 0 0 10 0 0 0 0 0 0 0 0 0 0 0 0 0 0 0 0 4 11 1 1 28 13 36 14 0 7 12 14 10 19 141 21 0 0 3 4 2 8 0 0 0 0 0 0 0 0 8 4 4 9 12 12 0 0 0 0 0 0 0 0 0 0 0 0 2 16 2 18 0 0 1 14 4 10 4 2 0 0 8 4 0 0 0 0 0 0 0 0 1 1 4 2 0 0 0 0 0 0 2 5 0 0 0 0 7 5 18 29 3 14 5 7 
255 748 281 467 75 206 207 260 55 20 165 41 30 177 192 68 52 3 10 10 7 158 34 7 5 25 163 14 42 150 12 56 17 35 1 2 0 0 5 5 5 2 34 124 8 26 0 0 1 4 10 15 97 66 6 8 37 5 55 95 3 9 27 29 15 2 15 20 0 0 0 0 0 0 0 0 0 0 3 2 0 0 0 0 13 21 113 11 7 1 24 2 0 0 0 0 0 0 1 3 0 0 6 9 68 29 18 48 0 0 3 5 31 6 0 0 34 21 26 69 1 2 6 3 5 22 3 26 6 9 0 0 10 5 7 13 0 0 0 0 0 0 0 0 0 0 0 0 0 0 0 0 0 0 0 0 0 0 0 0 0 0 0 0 0 0 0 0 9 4 16 5 101 12 8 3 6 1 0 0 20 4 0 0 0 0 0 0 0 0 0 0 0 0 0 0 0 0 0 0 0 0 0 0 2 4 0 0 32 36 24 5 8 10 30 18 0 0 0 0 2 1 0 0 7 24 1 5 0 0 0 0 6 28 14 7 5 21 17 52 0 0 0 0 3 3 0 0 0 0 4 18 0 0 25 1 
255 748 310 438 123 187 430 8 19 104 135 52 292 138 6 2 6 13 24 80 33 102 9 43 6 286 42 96 0 0 1 1 0 0 11 2 21 3 47 33 5 28 11 91 0 0 34 9 5 1 267 19 2 40 64 32 0 0 0 0 0 0 0 0 0 0 0 0 4 7 0 0 8 13 0 0 13 34 31 2 0 0 15 13 5 6 22 69 0 0 0 0 27 7 8 1 3 2 0 0 40 227 14 5 0 0 13 27 35 29 25 7 0 0 0 0 0 0 0 0 0 0 0 0 0 0 0 0 0 0 0 0 0 0 0 0 2 2 0 0 0 0 0 0 0 0 0 0 0 0 0 0 6 7 17 17 5 26 0 0 0 0 0 0 3 12 7 6 0 0 1 5 8 14 59 10 0 0 0 0 0 0 0 0 10 17 0 0 0 8 0 0 0 0 0 0 0 0 0 0 2 38 103 124 8 6 0 0 0 0 0 0 8 5 2 25 31 4 16 13 13 12 6 1 0 0 0 0 0 0 0 0 0 0 0 0 0 0 0 0 0 0 0 0 0 0 0 0 0 0 0 0 0 0 0 0 
255 748 234 514 182 52 131 383 112 70 42 10 127 4 116 267 66 46 16 54 24 18 7 3 108 19 0 0 15 101 36 231 29 37 42 4 2 14 29 25 22 2 7 11 0 0 0 0 71 37 10 9 0 0 0 0 7 8 72 29 20 16 83 148 2 27 15 22 11 31 0 0 0 0 0 0 1 28 15 10 12 10 0 0 4 3 6 5 0 0 0 0 0 0 0 0 25 46 23 14 6 4 0 0 0 0 0 0 0 0 0 0 6 1 2 6 52 20 9 20 16 4 3 13 22 61 129 19 0 0 14 13 7 8 18 4 3 8 26 5 0 0 0 0 0 0 0 0 0 0 0 0 0 0 19 9 7 8 0 0 3 9 3 7 0 0 0 0 0 0 1 2 0 0 0 0 0 0 0 0 0 0 0 0 0 0 0 0 0 0 0 0 17 8 19 27 20 3 3 11 0 0 0 4 0 0 0 0 0 0 0 0 0 0 0 0 0 0 0 0 0 0 0 0 0 0 0 0 0 0 5 1 33 19 17 3 3 6 13 7 6 10 0 0 0 0 8 5 20 2 13 48 19 110 6 13 
255 748 14 734 5 9 15 719 1 4 6 3 12 3 447 272 0 0 0 0 0 0 0 0 6 6 0 0 247 200 255 17 0 0 0 0 0 0 0 0 0 0 0 0 0 0 0 0 0 0 2 4 0 0 0 0 58 189 80 120 196 59 12 5 0 0 0 0 0 0 0 0 0 0 0 0 0 0 0 0 0 0 0 0 0 0 0 0 0 0 0 0 0 0 0 0 0 0 0 0 0 0 0 0 0 0 0 0 0 0 0 0 20 38 169 20 9 71 24 96 151 45 51 8 4 8 0 0 0 0 0 0 0 0 0 0 0 0 0 0 0 0 0 0 0 0 0 0 0 0 0 0 0 0 0 0 0 0 0 0 0 0 0 0 0 0 0 0 0 0 0 0 0 0 0 0 0 0 0 0 0 0 0 0 0 0 0 0 0 0 0 0 0 0 0 0 0 0 0 0 0 0 0 0 0 0 0 0 0 0 0 0 0 0 0 0 0 0 0 0 0 0 0 0 14 6 4 34 165 4 13 7 0 0 22 49 3 21 69 27 96 55 2 43 37 14 0 0 0 0 5 3 0 0 0 0 
255 748 14 734 0 0 556 178 0 0 0 0 398 158 107 71 0 0 0 0 0 0 0 0 390 8 43 115 79 28 67 4 0 0 0 0 0 0 0 0 0 0 0 0 0 0 0 0 318 72 7 1 38 5 49 66 10 69 16 12 58 9 0 0 0 0 0 0 0 0 0 0 0 0 0 0 0 0 0 0 0 0 0 0 0 0 0 0 0 0 0 0 0 0 0 0 139 179 33 39 0 0 0 0 10 28 0 0 37 12 15 51 7 3 28 41 8 8 3 9 51 7 8 1 0 0 0 0 0 0 0 0 0 0 0 0 0 0 0 0 0 0 0 0 0 0 0 0 0 0 0 0 0 0 0 0 0 0 0 0 0 0 0 0 0 0 0 0 0 0 0 0 0 0 0 0 0 0 0 0 0 0 0 0 0 0 0 0 0 0 0 0 100 39 168 11 9 24 26 13 0 0 0 0 0 0 0 0 4 6 7 21 0 0 0 0 14 23 2 10 4 11 6 45 0 0 0 0 25 3 9 32 0 0 6 2 0 0 1 8 25 26 4 3 3 5 0 0 0 0 0 0 0 0 0 0 
255 748 428 320 322 106 308 12 246 76 61 45 301 7 10 2 131 115 56 20 27 34 11 34 38 263 2 5 7 3 0 0 122 9 83 32 11 45 8 12 22 5 10 24 9 2 6 28 15 23 104 159 0 0 3 2 6 1 2 1 0 0 0 0 52 70 1 8 36 47 10 22 7 4 23 22 0 0 0 0 18 4 4 1 7 3 3 21 5 4 0 0 3 3 22 6 6 9 0 0 37 67 154 5 0 0 0 0 0 0 0 2 0 0 0 0 0 0 0 0 0 0 0 0 0 0 0 0 49 3 51 19 0 0 1 7 22 14 10 37 0 0 15 7 1 6 3 1 9 14 12 10 0 0 0 0 0 0 0 0 13 5 0 0 0 0 0 0 5 2 0 0 0 0 10 11 0 0 3 1 0 0 0 0 0 0 0 0 18 4 1 5 0 0 7 2 0 0 0 0 13 24 34 33 37 117 0 0 0 0 0 0 0 0 0 0 0 0 0 0 0 0 0 2 0 0 0 0 0 0 0 0 0 0 0 0 0 0 0 0 0 0 0 0 0 0 0 0 0 0 0 0 0 0 0 0 
255 748 625 123 181 444 68 55 125 56 269 175 29 39 37 18 13 112 45 11 108 161 116 59 4 25 23 16 7 30 17 1 1 12 76 36 3 42 8 3 7 101 2 159 29 87 38 21 3 1 24 1 10 13 6 10 3 4 11 19 15 2 0 0 0 0 3 9 24 52 33 3 0 0 40 2 0 0 0 0 0 0 12 89 0 0 136 23 21 8 26 61 22 16 11 10 0 0 0 0 6 18 0 0 4 6 1 12 0 0 0 0 0 0 2 2 2 9 1 18 12 3 1 1 0 0 0 0 0 0 0 0 1 2 7 2 8 16 41 11 24 9 0 0 0 0 0 0 32 8 0 0 0 0 0 0 0 0 0 0 0 0 0 0 5 7 15 74 0 0 0 0 91 45 7 16 15 6 6 2 11 15 15 46 13 9 3 13 0 0 0 0 0 0 0 0 0 0 0 0 3 3 0 0 0 0 0 0 0 0 4 2 0 0 7 5 0 0 0 0 0 0 0 0 0 0 0 0 0 0 0 0 1 1 7 2 0 0 11 7 0 0 0 0 0 0 0 0 0 0 0 0 0 0 0 0 
255 748 631 117 13 618 45 72 9 4 352 266 12 33 33 39 0 0 0 0 205 147 166 100 3 9 11 22 4 29 7 32 0 0 0 0 0 0 0 0 60 145 109 38 93 73 59 41 0 3 3 6 6 5 4 18 1 3 25 4 2 5 29 3 0 0 0 0 0 0 0 0 0 0 0 0 0 0 0 0 29 31 114 31 22 87 11 27 82 11 45 28 38 21 35 6 0 0 2 1 2 1 1 5 3 3 0 0 3 1 4 14 0 0 0 0 17 8 0 0 0 0 0 0 3 26 0 0 0 0 0 0 0 0 0 0 0 0 0 0 0 0 0 0 0 0 0 0 0 0 0 0 0 0 0 0 0 0 0 0 18 11 17 14 21 93 10 21 4 18 32 55 4 7 1 26 6 76 5 6 11 34 22 6 14 24 8 13 10 25 5 1 0 0 0 0 0 0 0 0 0 0 0 0 0 0 0 0 0 0 0 0 0 0 0 0 1 2 0 0 2 2 12 2 0 0 0 0 0 0 0 0 7 10 5 3 0 0 0 0 0 0 0 0 0 0 0 0 0 0 22 4 0 0 0 0 
255 748 547 201 396 151 114 87 329 67 28 123 103 11 78 9 141 188 41 26 9 19 16 107 95 8 8 3 74 4 7 2 67 74 141 47 31 10 22 4 0 0 8 11 5 11 57 50 60 35 2 6 7 1 1 2 70 4 0 0 6 1 0 0 63 4 56 18 65 76 22 25 11 20 7 3 20 2 2 2 0 0 0 0 0 0 0 0 0 0 0 0 6 51 16 34 58 2 8 27 0 0 4 2 0 0 0 0 0 0 0 0 64 6 0 0 0 0 0 0 0 0 0 0 0 0 0 0 36 27 0 0 43 13 6 12 5 60 66 10 20 2 18 7 8 3 3 17 0 0 1 2 17 3 0 0 0 0 1 1 0 0 0 0 0 0 0 0 0 0 0 0 0 0 0 0 0 0 0 0 0 0 0 0 0 0 16 35 11 5 23 11 17 41 0 2 2 6 16 11 0 0 0 0 0 0 0 0 0 0 0 0 0 0 0 0 0 0 0 0 0 0 0 0 23 41 0 0 0 0 0 0 0 0 0 0 0 0 0 0 0 0 0 0 0 0 0 0 0 0 0 0 0 0 0 0 
255 748 141 607 116 25 357 250 81 35 18 7 273 84 8 242 48 33 13 22 4 14 4 3 68 205 20 64 7 1 18 224 28 20 1 32 0 0 19 3 0 0 11 3 1 3 0 0 10 58 132 73 4 16 44 20 0 0 0 0 15 3 220 4 5 23 15 5 0 0 10 22 0 0 0 0 7 12 2 1 0 0 0 0 9 2 0 0 0 0 2 1 0 0 0 0 2 8 52 6 129 3 6 67 0 0 10 6 31 13 13 7 0 0 0 0 0 0 0 0 2 13 0 0 65 155 0 0 0 0 18 5 9 6 0 0 0 0 0 0 3 7 15 7 0 0 0 0 0 0 0 0 4 3 6 6 0 0 0 0 0 0 0 0 0 0 0 0 6 3 0 0 0 0 0 0 0 0 0 0 0 0 0 0 0 0 0 0 0 0 0 0 0 0 0 0 29 23 0 0 78 51 0 0 0 0 4 63 0 0 0 0 7 3 5 1 27 4 10 3 9 4 4 3 0 0 0 0 0 0 0 0 0 0 0 0 0 0 0 0 1 1 5 8 0 0 0 0 47 18 139 16 0 0 0 0 
255 748 539 209 432 107 206 3 264 168 46 61 127 79 0 0 167 97 15 153 37 9 53 8 98 29 12 67 0 0 0 0 68 99 39 58 9 6 86 67 21 16 4 5 48 5 0 0 24 74 23 6 6 6 20 47 0 0 0 0 0 0 0 0 20 48 77 22 17 22 40 18 0 0 2 4 10 76 17 50 7 14 8 8 2 2 0 0 25 23 0 5 0 0 0 0 18 6 47 27 5 18 0 0 3 3 1 5 13 7 9 38 0 0 0 0 0 0 0 0 0 0 0 0 0 0 0 0 14 6 19 29 26 51 19 3 8 9 9 13 13 27 12 6 0 0 0 0 0 0 0 0 8 2 12 64 5 12 28 22 4 3 7 7 3 5 0 0 0 0 0 0 0 0 0 0 9 16 21 2 0 0 2 3 0 0 0 0 0 0 0 0 5 13 0 0 32 15 3 24 1 4 0 0 0 0 0 0 0 0 0 0 0 0 0 0 2 11 0 0 3 6 6 32 0 0 0 0 0 0 0 0 0 0 0 0 0 0 0 0 0 0 0 0 0 0 0 0 0 0 0 0 0 0 0 0 
255 748 187 561 58 129 455 106 34 24 113 16 299 156 17 89 16 18 20 4 26 87 7 9 48 251 27 129 11 6 37 52 15 1 7 11 1 19 0 0 15 11 69 18 0 0 5 4 13 35 207 44 13 14 14 115 7 4 1 5 9 28 6 46 10 5 0 0 0 0 9 2 0 0 10 9 0 0 0 0 10 5 9 2 13 56 11 7 0 0 0 0 0 0 3 1 8 5 7 28 109 98 35 9 7 6 2 12 5 9 74 41 0 0 0 0 0 0 0 0 6 3 15 13 0 0 34 12 0 0 0 0 0 0 0 0 0 0 0 0 4 5 0 0 0 0 0 0 8 2 3 6 0 0 0 0 0 0 0 0 8 2 0 0 4 5 0 0 0 0 47 9 0 0 1 6 0 0 0 0 0 0 0 0 0 0 0 0 2 1 0 0 0 0 1 4 3 4 20 8 61 48 59 39 2 33 0 0 5 2 0 0 0 0 5 7 0 0 7 2 67 7 17 24 0 0 0 0 0 0 0 0 0 0 0 0 0 0 0 0 2 4 0 0 11 4 12 1 0 0 0 0 8 26 6 6 
255 748 86 662 19 67 591 71 18 1 34 33 454 137 54 17 8 10 0 0 29 5 17 16 174 280 33 104 8 46 14 3 0 0 9 1 0 0 0 0 6 23 1 4 7 10 4 12 49 125 273 7 22 11 90 14 0 0 29 17 5 9 0 0 0 0 0 0 0 0 0 0 0 0 0 0 0 0 0 0 4 2 20 3 0 0 0 0 6 1 2 8 0 0 9 3 22 27 119 6 224 49 3 4 7 15 0 0 13 77 8 6 0 0 0 0 21 8 12 5 0 0 0 0 0 0 0 0 0 0 0 0 0 0 0 0 0 0 0 0 0 0 0 0 0 0 0 0 0 0 0 0 0 0 0 0 0 0 0 0 0 0 1 1 4 16 0 0 0 0 0 0 0 0 0 0 0 0 0 0 0 0 0 0 0 0 0 0 0 0 0 0 11 11 9 18 21 98 0 0 164 60 26 23 0 0 3 1 0 0 6 9 0 0 0 0 3 10 41 36 4 4 0 0 0 0 0 0 0 0 0 0 9 12 6 2 4 8 0 0 0 0 0 0 0 0 0 0 0 0 0 0 0 0 0 0 
255 748 10 738 0 0 43 695 0 0 0 0 17 26 116 579 0 0 0 0 0 0 0 0 11 6 12 14 67 49 399 180 0 0 0 0 0 0 0 0 0 0 0 0 0 0 0 0 5 6 0 0 8 4 8 6 64 3 39 10 214 185 108 72 0 0 0 0 0 0 0 0 0 0 0 0 0 0 0 0 0 0 0 0 0 0 0 0 0 0 0 0 0 0 0 0 0 0 0 0 0 0 0 0 3 5 0 0 2 6 2 4 16 48 0 0 1 38 4 6 63 151 148 37 72 36 32 40 0 0 0 0 0 0 0 0 0 0 0 0 0 0 0 0 0 0 0 0 0 0 0 0 0 0 0 0 0 0 0 0 0 0 0 0 0 0 0 0 0 0 0 0 0 0 0 0 0 0 0 0 0 0 0 0 0 0 0 0 0 0 0 0 0 0 0 0 0 0 0 0 0 0 0 0 0 0 0 0 0 0 0 0 0 0 0 0 0 0 0 0 0 0 0 0 11 5 26 22 0 0 0 0 0 0 21 17 0 0 0 0 45 18 5 146 107 41 35 2 11 61 21 15 22 10 30 10 
255 748 720 28 7 713 9 19 2 5 19 694 1 8 6 13 0 0 2 3 5 14 509 185 0 0 0 0 4 2 1 12 0 0 0 0 1 1 0 0 0 0 5 9 284 225 60 125 0 0 0 0 0 0 0 0 0 0 0 0 0 0 0 0 0 0 0 0 0 0 0 0 0 0 0 0 0 0 0 0 0 0 0 0 0 0 0 0 266 18 34 191 54 6 94 31 0 0 0 0 0 0 0 0 0 0 0 0 0 0 0 0 0 0 0 0 0 0 0 0 0 0 0 0 0 0 0 0 0 0 0 0 0 0 0 0 0 0 0 0 0 0 0 0 0 0 0 0 0 0 0 0 0 0 0 0 0 0 0 0 0 0 0 0 0 0 0 0 0 0 0 0 0 0 0 0 48 218 16 2 9 25 47 144 34 20 0 0 36 58 14 17 0 0 0 0 0 0 0 0 0 0 0 0 0 0 0 0 0 0 0 0 0 0 0 0 0 0 0 0 0 0 0 0 0 0 0 0 0 0 0 0 0 0 0 0 0 0 0 0 0 0 0 0 0 0 0 0 0 0 0 0 0 0 0 0 
255 748 353 395 179 174 254 141 170 9 121 53 228 26 42 99 118 52 0 0 82 39 34 19 138 90 20 6 7 35 32 67 98 20 28 24 0 0 0 0 37 45 34 5 2 32 3 16 44 94 38 52 3 17 4 2 2 5 3 32 10 22 62 5 45 53 6 14 18 10 10 14 0 0 0 0 0 0 0 0 2 35 33 12 24 10 2 3 1 1 18 14 0 0 9 7 36 8 40 54 27 11 40 12 0 0 2 15 0 0 0 0 0 0 2 3 0 0 18 14 5 5 6 16 18 44 4 1 3 42 9 44 0 0 3 11 15 3 4 6 4 6 8 6 0 0 0 0 0 0 0 0 0 0 0 0 0 0 0 0 0 0 16 19 5 28 7 5 7 17 7 3 0 0 0 0 0 0 0 0 2 16 0 0 0 0 0 0 0 0 0 0 34 2 2 6 12 28 20 34 14 13 4 7 22 18 7 5 0 0 0 0 0 0 3 12 0 0 0 0 0 0 0 0 0 0 0 0 0 0 1 2 0 0 0 0 10 8 0 0 0 0 3 2 4 2 8 8 11 7 8 36 0 0 0 0 
255 748 419 329 147 272 66 263 43 104 13 259 16 50 51 212 21 22 8 96 2 11 30 229 9 7 11 39 29 22 183 29 7 14 10 12 0 0 63 33 0 0 0 11 5 25 223 6 5 4 0 0 4 7 34 5 8 21 10 12 21 162 19 10 4 3 7 7 6 4 8 4 0 0 0 0 52 11 21 12 0 0 0 0 0 0 0 11 0 0 22 3 51 172 3 3 0 0 0 0 0 0 0 0 0 0 0 0 15 19 0 0 4 4 17 4 8 2 5 7 6 15 56 106 8 11 4 6 0 0 2 1 6 1 0 0 0 0 0 4 6 2 0 0 0 0 0 0 0 0 0 0 41 11 6 5 6 15 0 0 0 0 0 0 0 0 0 0 0 0 0 0 0 0 10 1 0 0 0 0 7 15 2 1 18 33 135 37 0 3 0 0 0 0 0 0 0 0 0 0 0 0 0 0 0 0 0 0 0 0 0 0 0 0 0 0 5 10 7 12 0 0 0 0 0 0 0 0 0 0 3 1 5 3 0 0 0 0 0 0 0 0 0 0 40 16 80 26 5 3 7 4 1 3 0 0 
255 748 482 266 409 73 173 93 332 77 17 56 81 92 38 55 25 307 56 21 13 4 7 49 48 33 59 33 28 10 36 19 20 5 52 255 47 9 14 7 0 0 0 0 1 6 27 22 22 26 19 14 53 6 18 15 23 5 3 7 7 29 9 10 8 12 3 2 10 42 195 60 28 19 5 4 1 13 3 4 0 0 0 0 0 0 0 0 0 0 4 2 10 17 19 3 4 18 6 20 5 14 12 2 22 31 0 0 10 8 6 9 17 6 2 3 0 0 3 4 0 0 15 14 4 5 2 8 2 6 5 7 0 0 0 0 2 8 9 33 119 76 57 3 11 17 9 10 1 4 0 0 0 0 5 8 0 0 2 2 0 0 0 0 0 0 0 0 0 0 0 0 0 0 0 0 0 0 0 0 0 0 0 0 1 9 15 2 8 11 0 0 2 2 3 15 4 2 13 7 0 0 8 6 5 7 0 0 4 18 24 7 0 0 0 0 7 3 3 5 5 1 3 6 6 11 0 0 0 0 0 0 0 0 0 0 0 0 0 4 0 0 0 0 5 10 6 8 2 2 0 0 0 0 4 4 
255 748 401 347 273 128 8 339 124 149 72 56 0 0 156 183 63 61 7 142 3 69 10 46 0 0 0 0 148 8 43 140 23 40 52 9 4 3 127 15 0 0 4 65 6 4 39 7 0 0 0 0 0 0 0 0 64 84 3 5 4 39 128 12 3 20 19 21 18 34 4 5 0 0 0 0 44 83 6 9 0 0 0 0 0 0 14 51 0 0 0 0 33 6 0 0 0 0 0 0 0 0 0 0 0 0 0 0 0 0 0 0 58 6 47 37 1 2 1 4 2 2 11 28 90 38 5 7 0 0 8 12 7 12 2 19 15 3 24 10 0 0 2 3 0 0 0 0 0 0 0 0 16 28 5 78 4 2 3 6 0 0 0 0 0 0 0 0 0 0 0 0 5 9 7 44 0 0 0 0 0 0 0 0 30 3 1 5 0 0 0 0 0 0 0 0 0 0 0 0 0 0 0 0 0 0 0 0 0 0 0 0 0 0 0 0 0 0 0 0 0 0 0 0 35 23 0 0 17 30 29 8 0 0 1 1 0 0 2 2 0 0 1 1 0 0 27 1 74 16 25 13 2 3 2 5 
255 748 361 387 10 351 368 19 5 5 249 102 282 86 17 2 3 2 0 0 42 207 38 64 71 211 71 15 9 8 0 0 0 0 0 0 0 0 0 0 32 10 36 171 29 9 20 44 38 33 108 103 11 60 9 6 0 0 4 4 0 0 0 0 0 0 0 0 0 0 0 0 0 0 0 0 0 0 0 0 13 19 3 7 10 26 69 102 12 17 5 4 6 14 12 32 32 6 14 19 27 81 35 68 7 4 28 32 3 6 0 0 0 0 0 0 0 0 0 0 0 0 0 0 0 0 0 0 0 0 0 0 0 0 0 0 0 0 0 0 0 0 0 0 0 0 0 0 0 0 0 0 0 0 0 0 0 0 0 0 1 12 14 5 0 0 0 0 6 4 10 16 30 39 93 9 6 6 9 8 2 3 0 0 0 0 3 11 2 10 24 8 21 11 3 3 5 9 9 10 18 9 51 30 9 26 61 7 0 0 0 0 17 11 14 18 0 0 2 4 0 0 0 0 0 0 0 0 0 0 0 0 0 0 0 0 0 0 0 0 0 0 0 0 0 0 0 0 0 0 0 0 0 0 0 0 
255 748 407 341 386 21 340 1 321 65 15 6 59 281 0 0 233 88 42 23 3 12 3 3 7 52 14 267 0 0 0 0 137 96 51 37 28 14 8 15 2 1 3 9 0 0 2 1 4 3 4 48 0 0 184 83 0 0 0 0 0 0 0 0 63 74 28 68 34 17 9 28 25 3 6 8 4 4 9 6 0 2 0 0 0 0 3 6 0 0 0 0 0 0 0 0 3 1 0 0 0 0 19 29 0 0 0 0 131 53 51 32 0 0 0 0 0 0 0 0 0 0 0 0 0 0 0 0 40 23 56 18 21 7 41 27 3 31 10 7 3 6 14 14 16 9 0 0 0 0 4 4 0 0 0 0 5 4 5 1 0 0 1 1 0 0 0 0 0 0 0 0 0 0 0 0 0 0 0 0 0 0 0 0 0 0 0 0 0 0 0 0 0 0 0 0 0 0 0 0 0 0 0 0 8 11 17 12 0 0 0 0 0 0 0 0 105 26 10 43 16 35 28 4 0 0 0 0 0 0 0 0 0 0 0 0 0 0 0 0 0 0 0 0 0 0 0 0 0 0 0 0 0 0 0 0 
255 748 533 215 192 341 179 36 33 159 295 46 168 11 16 20 8 25 58 101 214 81 25 21 30 138 7 4 15 1 14 6 5 3 12 13 40 18 16 85 95 119 45 36 17 8 5 16 13 17 122 16 0 0 0 0 3 12 0 0 3 11 5 1 0 0 1 2 11 1 0 0 19 21 9 9 7 9 34 51 22 73 80 39 5 40 3 33 12 5 3 5 3 2 5 11 3 10 1 16 104 18 5 11 0 0 0 0 0 0 0 0 0 0 0 0 0 0 0 0 0 0 7 4 2 3 0 0 0 0 0 0 0 0 0 0 4 7 0 0 0 0 0 0 0 0 20 1 0 0 4 5 3 4 2 7 21 13 35 16 0 0 53 20 40 40 34 5 0 0 26 14 0 0 25 8 0 0 2 3 0 0 0 0 0 0 0 0 0 0 0 0 0 0 4 6 0 0 11 5 62 42 5 13 0 0 7 4 0 0 0 0 0 0 0 0 0 0 0 0 0 0 0 0 0 0 0 0 0 0 0 0 0 0 0 0 0 0 0 0 0 0 0 0 0 0 0 0 0 0 0 0 0 0 0 0 
255 748 506 242 291 215 210 32 200 91 176 39 138 72 26 6 71 129 34 57 145 31 30 9 106 32 57 15 18 8 0 0 57 14 16 113 26 8 33 24 64 81 27 4 1 29 8 1 18 88 25 7 16 41 10 5 12 6 2 6 0 0 0 0 45 12 0 0 2 14 7 106 5 21 0 0 26 7 15 9 1 63 68 13 12 15 1 3 0 0 6 23 0 0 0 0 4 14 31 57 16 9 0 0 13 3 23 18 7 3 4 1 10 2 0 0 0 0 0 0 0 0 0 0 0 0 0 0 28 17 3 9 0 0 0 0 0 0 8 6 4 3 81 25 0 0 13 8 0 0 0 0 17 9 5 2 6 9 1 8 0 0 25 38 10 58 0 0 5 7 9 6 0 0 0 0 0 0 0 0 2 4 17 6 0 0 0 0 0 0 0 0 1 3 0 0 16 15 49 8 9 7 0 0 0 0 0 0 6 7 0 0 14 9 11 7 5 2 2 1 0 0 0 0 0 0 0 0 0 0 0 0 0 0 0 0 0 0 0 0 0 0 0 0 0 0 0 0 0 0 0 0 0 0 0 0 
255 748 346 402 335 11 187 215 5 330 7 4 107 80 8 207 4 1 208 122 3 4 0 0 33 74 78 2 6 2 198 9 0 0 0 0 186 22 61 61 0 0 0 0 0 0 0 0 15 18 58 16 43 35 0 0 0 0 0 0 63 135 0 0 0 0 0 0 0 0 0 0 157 29 10 12 31 30 35 26 0 0 0 0 0 0 0 0 0 0 0 0 0 0 0 0 7 8 7 11 42 16 12 4 37 6 24 11 0 0 0 0 0 0 0 0 0 0 0 0 21 42 28 107 0 0 0 0 0 0 0 0 0 0 0 0 0 0 0 0 0 0 0 0 91 66 5 24 6 4 3 9 22 9 9 21 15 20 10 16 0 0 0 0 0 0 0 0 0 0 0 0 0 0 0 0 0 0 0 0 0 0 0 0 0 0 0 0 0 0 0 0 3 4 5 3 0 0 3 8 39 3 3 13 9 3 0 0 23 14 0 0 21 3 3 8 0 0 0 0 0 0 0 0 0 0 0 0 0 0 0 0 0 0 0 0 0 0 0 0 8 13 8 34 8 20 65 42 0 0 0 0 0 0 0 0 
255 748 368 380 167 201 343 37 97 70 119 82 62 281 30 7 53 44 50 20 25 94 2 80 37 25 247 34 22 8 5 2 19 34 31 13 43 7 3 17 7 18 30 64 1 1 7 73 7 30 19 6 111 136 24 10 9 13 0 0 3 2 0 0 6 13 1 33 11 20 8 5 30 13 6 1 0 0 7 10 0 0 8 10 22 8 20 44 0 0 0 0 3 4 57 16 2 5 20 10 8 11 0 0 35 76 43 93 10 14 0 0 8 1 3 10 0 0 0 0 0 0 0 0 0 0 0 0 0 0 9 4 0 0 22 11 0 0 7 13 4 4 3 2 15 15 5 8 4 2 0 0 0 0 0 0 4 3 0 0 0 0 0 0 6 2 0 0 4 18 5 3 12 8 13 31 0 0 0 0 0 0 0 0 0 0 2 2 16 41 0 0 0 0 2 3 15 5 3 7 0 0 2 9 0 0 0 0 22 13 21 55 31 12 58 35 5 5 7 7 0 0 0 0 2 6 0 0 0 0 9 1 0 0 0 0 0 0 0 0 0 0 0 0 0 0 0 0 0 0 0 0 0 0 0 0 
255 748 179 569 40 139 361 208 36 4 59 80 5 356 41 167 3 33 0 0 46 13 45 35 0 0 324 32 12 29 92 75 0 0 6 27 0 0 0 0 2 44 6 7 31 14 1 34 0 0 0 0 111 213 1 31 9 3 13 16 48 44 67 8 0 0 0 0 2 4 5 22 0 0 0 0 0 0 0 0 0 0 29 15 1 5 3 4 16 15 7 7 0 0 7 27 0 0 0 0 0 0 0 0 93 18 24 189 0 0 15 16 8 1 0 0 5 8 12 4 36 12 8 36 45 22 4 4 0 0 0 0 0 0 0 0 0 0 3 1 0 0 15 7 0 0 0 0 0 0 0 0 0 0 0 0 0 0 0 0 0 0 0 0 6 23 1 14 0 0 0 0 1 2 0 0 13 3 10 5 2 5 4 3 0 0 0 0 0 0 21 6 0 0 0 0 0 0 0 0 0 0 0 0 0 0 0 0 2 91 14 4 17 7 61 128 0 0 0 0 10 5 15 1 6 2 0 0 0 0 0 0 0 0 0 0 6 6 3 1 2 34 5 7 0 0 25 11 6 39 21 1 0 0 3 1 
